0.000000 0.000000 -0.000000 -0.000000 0.000000 0.000000 0.000000 -0.000000 -0.000000 0.000000 0.000000 0.000000 -0.000000 -0.000000 -0.000000 0.000000 0.000000 0.000000 -0.000000 -0.000000 -0.000000 0.000000 0.000000 0.000000 -0.000000 -0.000000 -0.000000 -0.000000 0.000000 0.000000 0.000000 0.000000 -0.000000 -0.000000 -0.000000 -0.000000 -0.000000 -0.000000 0.000000 0.000000 0.000000 0.000000 0.000000 0.000000 0.000000 0.000000 0.000000 0.000000 0.000000 0.000000 0.000000 0.000000 0.000000 -0.000000 -0.000000 -0.000000 -0.000000 -0.000000 0.000000 0.000000 0.000000 -0.000000 -0.000000 -0.000000 0.000000 0.000000 -0.000000 -0.000000 -0.000000 0.000000 0.000000 -0.000000 -0.000000 0.000000 0.000000 -0.000000 -0.000000 -0.000000 0.000000 0.000000 
0.000000 -0.000000 -0.000000 0.000000 0.000000 0.000000 -0.000000 -0.000000 -0.000000 0.000000 0.000000 -0.000000 -0.000000 -0.000000 0.000000 0.000000 0.000000 -0.000000 -0.000000 -0.000000 0.000000 0.000000 0.000000 -0.000000 -0.000000 -0.000000 -0.000000 0.000000 0.000000 0.000000 0.000000 -0.000000 -0.000000 -0.000000 -0.000000 -0.000000 0.000000 0.000000 0.000000 0.000000 0.000000 0.000000 0.000000 0.000000 0.000000 0.000000 0.000000 0.000000 0.000000 0.000000 0.000000 0.000000 0.000000 0.000000 0.000000 -0.000000 -0.000000 -0.000000 -0.000000 0.000000 0.000000 0.000000 -0.000000 -0.000000 -0.000000 0.000000 0.000000 -0.000000 -0.000000 0.000000 0.000000 0.000000 -0.000000 -0.000000 0.000000 0.000000 -0.000000 -0.000000 0.000000 0.000000 
-0.000000 -0.000000 0.000000 0.000000 0.000000 -0.000000 -0.000000 -0.000000 0.000000 0.000000 -0.000000 -0.000000 -0.000000 0.000000 0.000000 0.000000 -0.000000 -0.000000 -0.000000 0.000000 0.000000 0.000000 -0.000000 -0.000000 -0.000000 0.000000 0.000000 0.000000 0.000000 -0.000000 -0.000000 -0.000000 -0.000000 0.000000 0.000000 0.000000 0.000000 0.000000 0.000000 0.000000 -0.000000 -0.000000 -0.000000 -0.000000 -0.000000 -0.000000 -0.000000 -0.000000 -0.000000 -0.000000 -0.000000 -0.000000 0.000000 0.000000 0.000000 0.000000 0.000000 -0.000000 -0.000000 -0.000000 -0.000000 0.000000 0.000000 -0.000000 -0.000000 -0.000000 0.000000 0.000000 -0.000000 -0.000000 -0.000000 0.000000 0.000000 -0.000000 -0.000000 0.000000 0.000000 -0.000000 -0.000000 -0.000000 
-0.000000 0.000000 0.000000 0.000000 -0.000000 -0.000000 -0.000000 0.000000 0.000000 -0.000000 -0.000000 -0.000000 0.000000 0.000000 0.000000 -0.000000 -0.000000 -0.000000 0.000000 0.000000 0.000000 -0.000000 -0.000000 -0.000000 0.000000 0.000000 0.000000 -0.000000 -0.000000 -0.000000 -0.000000 0.000000 0.000000 0.000000 0.000000 0.000000 -0.000000 -0.000000 -0.000000 -0.000001 -0.000001 -0.000001 -0.000001 -0.000001 -0.000001 -0.000001 -0.000001 -0.000001 -0.000001 -0.000001 -0.000000 -0.000000 -0.000000 -0.000000 -0.000000 0.000000 0.000000 0.000000 0.000000 -0.000000 -0.000000 -0.000000 0.000000 0.000000 0.000000 -0.000000 -0.000000 0.000000 0.000000 -0.000000 -0.000000 -0.000000 0.000000 0.000000 -0.000000 -0.000000 0.000000 0.000000 -0.000000 -0.000000 
0.000000 0.000000 0.000000 -0.000000 -0.000000 -0.000000 0.000000 0.000000 -0.000000 -0.000000 -0.000000 0.000000 0.000000 0.000000 -0.000000 -0.000000 0.000000 0.000000 0.000000 -0.000000 -0.000000 -0.000000 -0.000000 0.000000 0.000000 0.000000 -0.000000 -0.000000 -0.000000 -0.000000 0.000000 0.000000 0.000000 0.000000 -0.000000 -0.000000 -0.000001 -0.000001 -0.000001 -0.000001 -0.000000 0.000001 0.000002 0.000003 0.000004 0.000004 0.000004 0.000003 0.000002 0.000001 0.000000 -0.000000 -0.000000 -0.000000 -0.000000 -0.000000 -0.000000 0.000000 0.000000 0.000000 0.000000 -0.000000 -0.000000 0.000000 0.000000 0.000000 -0.000000 -0.000000 0.000000 0.000000 -0.000000 -0.000000 -0.000000 0.000000 0.000000 -0.000000 -0.000000 0.000000 0.000000 -0.000000 
0.000000 0.000000 -0.000000 -0.000000 -0.000000 0.000000 0.000000 -0.000000 -0.000000 -0.000000 0.000000 0.000000 0.000000 -0.000000 -0.000000 0.000000 0.000000 0.000000 -0.000000 -0.000000 -0.000000 0.000000 0.000000 0.000000 0.000000 -0.000000 -0.000000 -0.000000 0.000000 0.000000 0.000000 0.000000 -0.000000 -0.000001 -0.000001 -0.000001 -0.000001 0.000001 0.000004 0.000008 0.000012 0.000015 0.000016 0.000017 0.000017 0.000017 0.000016 0.000015 0.000013 0.000011 0.000009 0.000006 0.000003 0.000001 0.000000 -0.000000 -0.000000 -0.000000 -0.000000 0.000000 0.000000 0.000000 -0.000000 -0.000000 -0.000000 0.000000 0.000000 -0.000000 -0.000000 0.000000 0.000000 -0.000000 -0.000000 -0.000000 0.000000 0.000000 -0.000000 -0.000000 0.000000 0.000000 
0.000000 -0.000000 -0.000000 -0.000000 0.000000 0.000000 -0.000000 -0.000000 -0.000000 0.000000 0.000000 -0.000000 -0.000000 -0.000000 0.000000 0.000000 0.000000 -0.000000 -0.000000 -0.000000 0.000000 0.000000 0.000000 -0.000000 -0.000000 -0.000000 -0.000000 0.000000 0.000000 0.000000 -0.000000 -0.000001 -0.000001 -0.000002 -0.000001 0.000003 0.000008 0.000015 0.000020 0.000021 0.000014 0.000000 -0.000017 -0.000032 -0.000044 -0.000050 -0.000050 -0.000043 -0.000031 -0.000016 -0.000003 0.000006 0.000010 0.000008 0.000005 0.000002 0.000000 -0.000000 -0.000000 -0.000000 -0.000000 0.000000 0.000000 -0.000000 -0.000000 -0.000000 0.000000 0.000000 -0.000000 -0.000000 0.000000 0.000000 -0.000000 -0.000000 -0.000000 0.000000 0.000000 -0.000000 -0.000000 0.000000 
-0.000000 -0.000000 -0.000000 0.000000 0.000000 -0.000000 -0.000000 -0.000000 0.000000 0.000000 -0.000000 -0.000000 -0.000000 0.000000 0.000000 0.000000 -0.000000 -0.000000 -0.000000 0.000000 0.000000 0.000000 -0.000000 -0.000000 -0.000000 0.000000 0.000000 0.000000 0.000000 -0.000000 -0.000001 -0.000002 -0.000001 0.000004 0.000012 0.000020 0.000023 0.000011 -0.000024 -0.000080 -0.000142 -0.000200 -0.000256 -0.000306 -0.000336 -0.000342 -0.000334 -0.000318 -0.000285 -0.000226 -0.000159 -0.000100 -0.000054 -0.000019 0.000000 0.000006 0.000005 0.000002 0.000000 -0.000000 -0.000000 -0.000000 0.000000 0.000000 -0.000000 -0.000000 -0.000000 0.000000 0.000000 -0.000000 -0.000000 0.000000 0.000000 0.000000 -0.000000 -0.000000 0.000000 0.000000 -0.000000 -0.000000 
-0.000000 -0.000000 0.000000 0.000000 -0.000000 -0.000000 -0.000000 0.000000 0.000000 -0.000000 -0.000000 -0.000000 0.000000 0.000000 0.000000 -0.000000 -0.000000 -0.000000 0.000000 0.000000 0.000000 -0.000000 -0.000000 -0.000000 0.000000 0.000000 0.000000 -0.000000 -0.000001 -0.000002 -0.000002 0.000003 0.000012 0.000022 0.000023 -0.000004 -0.000073 -0.000170 -0.000283 -0.000386 -0.000304 -0.000146 0.000034 0.000211 0.000368 0.000479 0.000508 0.000441 0.000296 0.000127 -0.000023 -0.000134 -0.000200 -0.000195 -0.000098 -0.000039 -0.000008 0.000004 0.000004 0.000001 0.000000 -0.000000 -0.000000 0.000000 0.000000 0.000000 -0.000000 -0.000000 0.000000 0.000000 -0.000000 -0.000000 0.000000 0.000000 -0.000000 -0.000000 -0.000000 0.000000 0.000000 -0.000000 
0.000000 0.000000 0.000000 -0.000000 -0.000000 -0.000000 0.000000 0.000000 -0.000000 -0.000000 -0.000000 0.000000 0.000000 0.000000 -0.000000 -0.000000 -0.000000 0.000000 0.000000 0.000000 -0.000000 -0.000000 -0.000000 0.000000 0.000000 0.000000 -0.000000 -0.000001 -0.000002 0.000000 0.000009 0.000022 0.000026 -0.000006 -0.000097 -0.000231 -0.000376 -0.000283 0.000022 0.000582 0.001637 0.003086 0.004907 0.006892 0.008660 0.009840 0.010231 0.009710 0.008239 0.006099 0.003896 0.002137 0.000945 0.000235 -0.000029 -0.000123 -0.000116 -0.000040 -0.000006 0.000004 0.000003 0.000000 -0.000000 -0.000000 0.000000 0.000000 0.000000 -0.000000 -0.000000 0.000000 0.000000 -0.000000 -0.000000 0.000000 0.000000 -0.000000 -0.000000 -0.000000 0.000000 0.000000 
0.000000 0.000000 -0.000000 -0.000000 -0.000000 0.000000 0.000000 0.000000 -0.000000 -0.000000 0.000000 0.000000 0.000000 -0.000000 -0.000000 -0.000000 0.000000 0.000000 0.000000 -0.000000 -0.000000 -0.000000 0.000000 0.000000 0.000000 -0.000001 -0.000002 -0.000002 0.000003 0.000017 0.000030 0.000011 -0.000081 -0.000243 -0.000395 -0.000185 0.000382 0.001806 0.004419 0.009012 0.015607 0.025179 0.037942 0.052348 0.065200 0.074293 0.078616 0.077336 0.069790 0.056386 0.039606 0.024309 0.013879 0.006846 0.002660 0.000825 0.000093 -0.000066 -0.000091 -0.000026 0.000000 0.000004 0.000001 -0.000000 -0.000000 -0.000000 0.000000 0.000000 -0.000000 -0.000000 0.000000 0.000000 -0.000000 -0.000000 0.000000 0.000000 -0.000000 -0.000000 -0.000000 0.000000 
0.000000 -0.000000 -0.000000 -0.000000 0.000000 0.000000 0.000000 -0.000000 -0.000000 0.000000 0.000000 0.000000 -0.000000 -0.000000 -0.000000 0.000000 0.000000 -0.000000 -0.000000 -0.000000 0.000000 0.000000 0.000000 0.000000 -0.000001 -0.000003 -0.000002 0.000008 0.000027 0.000031 -0.000031 -0.000198 -0.000387 -0.000232 0.000520 0.002572 0.006708 0.014620 0.029022 0.055251 0.090767 0.127757 0.159193 0.182026 0.197589 0.208008 0.214404 0.217000 0.215099 0.206927 0.189315 0.157648 0.112625 0.066117 0.029389 0.011917 0.003955 0.001036 0.000099 -0.000062 -0.000055 -0.000008 0.000004 0.000002 -0.000000 -0.000000 -0.000000 0.000000 0.000000 -0.000000 -0.000000 0.000000 0.000000 -0.000000 -0.000000 0.000000 0.000000 -0.000000 -0.000000 -0.000000 
-0.000000 -0.000000 -0.000000 0.000000 0.000000 0.000000 -0.000000 -0.000000 0.000000 0.000000 0.000000 -0.000000 -0.000000 -0.000000 0.000000 0.000000 -0.000000 -0.000000 -0.000000 0.000000 0.000000 0.000000 -0.000000 -0.000001 -0.000003 -0.000001 0.000013 0.000035 0.000023 -0.000095 -0.000327 -0.000422 0.000261 0.002277 0.006822 0.016469 0.036756 0.075228 0.123556 0.166811 0.197857 0.219602 0.235310 0.247057 0.255984 0.262783 0.267905 0.271588 0.273861 0.274535 0.273013 0.267889 0.255602 0.228525 0.177732 0.103340 0.041815 0.013095 0.003417 0.000672 0.000001 -0.000070 -0.000019 0.000004 0.000002 -0.000000 -0.000000 -0.000000 0.000000 0.000000 -0.000000 -0.000000 0.000000 0.000000 -0.000000 -0.000000 0.000000 0.000000 -0.000000 -0.000000 
-0.000000 -0.000000 0.000000 0.000000 0.000000 -0.000000 -0.000000 0.000000 0.000000 0.000000 -0.000000 -0.000000 -0.000000 0.000000 0.000000 -0.000000 -0.000000 -0.000000 0.000000 0.000000 0.000000 -0.000000 -0.000002 -0.000003 0.000001 0.000018 0.000041 0.000008 -0.000170 -0.000437 -0.000278 0.001134 0.004981 0.013438 0.032853 0.073998 0.128354 0.174356 0.205729 0.227359 0.243365 0.255670 0.265335 0.273125 0.279555 0.284953 0.289521 0.293373 0.296537 0.298936 0.300307 0.300140 0.298120 0.293841 0.284587 0.261159 0.205667 0.111519 0.035669 0.008744 0.001726 0.000176 -0.000068 -0.000029 0.000003 0.000003 0.000000 -0.000000 -0.000000 0.000000 0.000000 -0.000000 -0.000000 0.000000 0.000000 -0.000000 -0.000000 0.000000 0.000000 -0.000000 
-0.000000 0.000000 0.000000 0.000000 -0.000000 -0.000000 0.000000 0.000000 0.000000 -0.000000 -0.000000 -0.000000 0.000000 0.000000 0.000000 -0.000000 -0.000000 0.000000 0.000000 0.000000 -0.000000 -0.000002 -0.000003 0.000002 0.000023 0.000045 -0.000008 -0.000241 -0.000519 -0.000031 0.002327 0.008218 0.021949 0.054518 0.110165 0.162981 0.198869 0.222920 0.240323 0.253391 0.263538 0.271729 0.278616 0.284611 0.289957 0.294786 0.299168 0.303140 0.306715 0.309887 0.312609 0.314743 0.316032 0.315895 0.313309 0.308267 0.298277 0.270660 0.196477 0.081249 0.018248 0.003286 0.000421 -0.000057 -0.000038 0.000002 0.000003 0.000000 -0.000000 -0.000000 0.000000 0.000000 -0.000000 -0.000000 0.000000 0.000000 -0.000000 -0.000000 0.000000 0.000000 
0.000000 0.000000 0.000000 -0.000000 -0.000000 -0.000000 0.000000 0.000000 -0.000000 -0.000000 -0.000000 0.000000 0.000000 0.000000 -0.000000 -0.000000 0.000000 0.000000 0.000000 -0.000000 -0.000002 -0.000003 0.000002 0.000025 0.000048 -0.000019 -0.000295 -0.000583 0.000180 0.003467 0.011387 0.030547 0.074608 0.133915 0.179791 0.209399 0.229768 0.244572 0.255865 0.264974 0.272700 0.279491 0.285592 0.291148 0.296245 0.300936 0.305260 0.309249 0.312927 0.316301 0.319370 0.322122 0.324512 0.326393 0.327409 0.326847 0.323309 0.316727 0.302158 0.254514 0.136979 0.031388 0.005115 0.000642 -0.000041 -0.000042 0.000002 0.000003 0.000000 -0.000000 -0.000000 0.000000 0.000000 -0.000000 -0.000000 0.000000 0.000000 -0.000000 -0.000000 0.000000 
0.000000 0.000000 -0.000000 -0.000000 -0.000000 0.000000 0.000000 -0.000000 -0.000000 -0.000000 0.000000 0.000000 0.000000 -0.000000 -0.000000 0.000000 0.000000 0.000000 -0.000000 -0.000002 -0.000004 0.000002 0.000026 0.000050 -0.000022 -0.000323 -0.000642 0.000245 0.004201 0.013806 0.037043 0.087138 0.145260 0.185969 0.212224 0.230395 0.243688 0.254167 0.263095 0.271096 0.278409 0.285109 0.291231 0.296827 0.301951 0.306646 0.310950 0.314902 0.318545 0.321907 0.324999 0.327823 0.330390 0.332695 0.334664 0.336088 0.336507 0.334749 0.329473 0.319318 0.287574 0.183637 0.045626 0.006582 0.000758 -0.000036 -0.000041 0.000002 0.000002 -0.000000 -0.000000 -0.000000 0.000000 0.000000 -0.000000 -0.000000 0.000000 0.000000 -0.000000 -0.000000 
0.000000 -0.000000 -0.000000 -0.000000 0.000000 0.000000 -0.000000 -0.000000 -0.000000 0.000000 0.000000 0.000000 -0.000000 -0.000000 -0.000000 0.000000 0.000000 -0.000000 -0.000002 -0.000004 0.000001 0.000025 0.000052 -0.000013 -0.000322 -0.000696 0.000118 0.004295 0.014815 0.039928 0.091313 0.147480 0.185533 0.210070 0.227040 0.239767 0.250259 0.259560 0.268120 0.276099 0.283533 0.290398 0.296676 0.302386 0.307582 0.312319 0.316641 0.320586 0.324199 0.327519 0.330571 0.333367 0.335919 0.338232 0.340301 0.342099 0.343532 0.344349 0.343661 0.339443 0.331025 0.306000 0.210592 0.054139 0.006928 0.000715 -0.000048 -0.000034 0.000003 0.000002 -0.000000 -0.000000 0.000000 0.000000 -0.000000 -0.000000 0.000000 0.000000 -0.000000 -0.000000 
-0.000000 -0.000000 -0.000000 0.000000 0.000000 0.000000 -0.000000 -0.000000 0.000000 0.000000 0.000000 -0.000000 -0.000000 -0.000000 0.000000 0.000000 0.000000 -0.000001 -0.000003 0.000000 0.000022 0.000053 0.000004 -0.000289 -0.000728 -0.000167 0.003733 0.014195 0.038947 0.088604 0.143341 0.180488 0.204388 0.220978 0.233838 0.244897 0.254957 0.264274 0.272935 0.281002 0.288522 0.295499 0.301908 0.307741 0.313025 0.317819 0.322177 0.326145 0.329768 0.333083 0.336117 0.338889 0.341418 0.343721 0.345790 0.347594 0.349110 0.350352 0.351277 0.351158 0.347721 0.339976 0.316539 0.219454 0.051940 0.005970 0.000539 -0.000064 -0.000024 0.000004 0.000001 -0.000000 -0.000000 0.000000 0.000000 -0.000000 -0.000000 0.000000 0.000000 -0.000000 
-0.000000 -0.000000 0.000000 0.000000 0.000000 -0.000000 -0.000000 0.000000 0.000000 0.000000 -0.000000 -0.000000 -0.000000 0.000000 0.000000 0.000000 -0.000001 -0.000003 -0.000001 0.000017 0.000051 0.000025 -0.000230 -0.000715 -0.000511 0.002698 0.012206 0.034822 0.080732 0.134473 0.171992 0.196131 0.212999 0.226412 0.238255 0.249209 0.259430 0.268921 0.277691 0.285799 0.293330 0.300344 0.306842 0.312795 0.318196 0.323076 0.327489 0.331492 0.335140 0.338477 0.341530 0.344307 0.346828 0.349127 0.351217 0.353056 0.354589 0.355807 0.356793 0.357704 0.357893 0.354794 0.347090 0.321402 0.210656 0.040435 0.004273 0.000308 -0.000069 -0.000014 0.000004 0.000001 -0.000000 -0.000000 0.000000 0.000000 -0.000000 -0.000000 0.000000 0.000000 
-0.000000 -0.000000 0.000000 0.000000 -0.000000 -0.000000 -0.000000 0.000000 0.000000 -0.000000 -0.000000 -0.000000 0.000000 0.000000 0.000000 -0.000001 -0.000003 -0.000003 0.000012 0.000046 0.000044 -0.000155 -0.000645 -0.000799 0.001471 0.009398 0.028705 0.069333 0.121734 0.160560 0.185800 0.203543 0.217813 0.230514 0.242306 0.253361 0.263705 0.273325 0.282208 0.290382 0.297932 0.304953 0.311495 0.317545 0.323074 0.328073 0.332574 0.336630 0.340307 0.343670 0.346755 0.349565 0.352101 0.354399 0.356504 0.358401 0.360008 0.361270 0.362206 0.362954 0.363838 0.364147 0.360916 0.352598 0.319712 0.180962 0.026313 0.002578 0.000092 -0.000066 -0.000004 0.000003 0.000000 -0.000000 -0.000000 0.000000 0.000000 -0.000000 -0.000000 0.000000 
-0.000000 0.000000 0.000000 -0.000000 -0.000000 -0.000000 0.000000 0.000000 0.000000 -0.000000 -0.000000 0.000000 0.000000 0.000000 -0.000000 -0.000002 -0.000003 0.000006 0.000038 0.000056 -0.000078 -0.000523 -0.000947 0.000329 0.006333 0.021803 0.056036 0.105709 0.146317 0.173500 0.192670 0.208076 0.221749 0.234388 0.246197 0.257260 0.267637 0.277346 0.286365 0.294676 0.302312 0.309367 0.315933 0.322046 0.327685 0.332816 0.337435 0.341573 0.345294 0.348679 0.351791 0.354644 0.357218 0.359530 0.361638 0.363575 0.365274 0.366634 0.367639 0.368324 0.368884 0.369787 0.370001 0.366260 0.356096 0.307327 0.129571 0.014682 0.001277 -0.000028 -0.000043 0.000002 0.000002 -0.000000 -0.000000 0.000000 0.000000 -0.000000 -0.000000 -0.000000 
0.000000 0.000000 0.000000 -0.000000 -0.000000 0.000000 0.000000 0.000000 -0.000000 -0.000000 -0.000000 0.000000 0.000000 -0.000000 -0.000002 -0.000004 0.000002 0.000027 0.000059 -0.000010 -0.000369 -0.000932 -0.000538 0.003475 0.015127 0.042376 0.087240 0.129434 0.159176 0.180203 0.196945 0.211699 0.225287 0.237946 0.249769 0.260836 0.271228 0.281002 0.290154 0.298641 0.306438 0.313593 0.320206 0.326362 0.332080 0.337330 0.342082 0.346331 0.350122 0.353536 0.356666 0.359552 0.362175 0.364519 0.366632 0.368584 0.370356 0.371830 0.372939 0.373721 0.374183 0.374624 0.375596 0.375418 0.370847 0.356012 0.276409 0.071973 0.006799 0.000467 -0.000065 -0.000019 0.000004 0.000001 -0.000000 -0.000000 0.000000 0.000000 -0.000000 -0.000000 
0.000000 0.000000 -0.000000 -0.000000 -0.000000 0.000000 0.000000 -0.000000 -0.000000 -0.000000 0.000000 0.000000 0.000000 -0.000001 -0.000003 -0.000002 0.000017 0.000053 0.000037 -0.000210 -0.000779 -0.001023 0.001189 0.009359 0.029705 0.067740 0.110279 0.142737 0.165946 0.184153 0.199992 0.214541 0.228150 0.240916 0.252873 0.264056 0.274532 0.284380 0.293641 0.302296 0.310290 0.317610 0.324324 0.330534 0.336311 0.341656 0.346533 0.350911 0.354797 0.358259 0.361405 0.364312 0.366980 0.369370 0.371501 0.373454 0.375267 0.376848 0.378069 0.378954 0.379548 0.379797 0.380225 0.381255 0.380231 0.374310 0.347921 0.213610 0.030499 0.002705 0.000052 -0.000074 -0.000003 0.000003 0.000000 -0.000000 -0.000000 0.000000 0.000000 -0.000000 
0.000000 -0.000000 -0.000000 -0.000000 0.000000 0.000000 0.000000 -0.000000 -0.000000 0.000000 0.000000 0.000000 -0.000000 -0.000002 -0.000003 0.000008 0.000041 0.000060 -0.000076 -0.000548 -0.001117 -0.000316 0.004804 0.019007 0.048939 0.089424 0.124171 0.149823 0.169633 0.186510 0.201902 0.216373 0.230101 0.243110 0.255365 0.266835 0.277533 0.287529 0.296908 0.305705 0.313886 0.321405 0.328273 0.334576 0.340414 0.345834 0.350818 0.355324 0.359326 0.362859 0.366029 0.368948 0.371647 0.374085 0.376249 0.378206 0.380034 0.381695 0.383041 0.384014 0.384732 0.385133 0.385183 0.385752 0.386641 0.384247 0.375318 0.320517 0.117480 0.011617 0.000857 -0.000059 -0.000032 0.000004 0.000001 -0.000000 -0.000000 0.000000 0.000000 -0.000000 
-0.000000 -0.000000 -0.000000 0.000000 0.000000 0.000000 -0.000000 -0.000000 -0.000000 0.000000 0.000000 -0.000000 -0.000001 -0.000004 0.000001 0.000025 0.000061 0.000015 -0.000308 -0.000941 -0.001084 0.001553 0.010769 0.032504 0.067930 0.103736 0.131876 0.153476 0.171422 0.187562 0.202730 0.217237 0.231167 0.244500 0.257159 0.269056 0.280134 0.290415 0.299982 0.308927 0.317275 0.324990 0.332045 0.338485 0.344407 0.349895 0.354969 0.359591 0.363715 0.367341 0.370552 0.373479 0.376195 0.378674 0.380877 0.382848 0.384679 0.386389 0.387854 0.388938 0.389719 0.390307 0.390453 0.390402 0.391240 0.391520 0.387686 0.368633 0.254572 0.043907 0.003750 0.000100 -0.000094 -0.000006 0.000004 0.000000 -0.000000 -0.000000 0.000000 0.000000 
-0.000000 -0.000000 -0.000000 0.000000 0.000000 -0.000000 -0.000000 -0.000000 0.000000 0.000000 0.000000 -0.000001 -0.000003 -0.000003 0.000011 0.000048 0.000058 -0.000115 -0.000642 -0.001236 -0.000377 0.004936 0.019462 0.047510 0.082102 0.112226 0.135789 0.154979 0.171908 0.187706 0.202840 0.217467 0.231617 0.245260 0.258321 0.270688 0.282250 0.292951 0.302828 0.311982 0.320501 0.328398 0.335647 0.342254 0.348293 0.353860 0.359011 0.363736 0.367979 0.371709 0.374978 0.377918 0.380640 0.383148 0.385390 0.387381 0.389215 0.390950 0.392512 0.393732 0.394578 0.395247 0.395659 0.395495 0.395581 0.396636 0.395554 0.388830 0.339918 0.134643 0.013357 0.000957 -0.000070 -0.000035 0.000004 0.000002 -0.000000 -0.000000 0.000000 0.000000 
-0.000000 -0.000000 0.000000 0.000000 0.000000 -0.000000 -0.000000 -0.000000 0.000000 0.000000 -0.000000 -0.000002 -0.000004 0.000002 0.000029 0.000065 0.000008 -0.000338 -0.001006 -0.001231 0.001207 0.010071 0.030068 0.060463 0.091221 0.116685 0.137343 0.155210 0.171689 0.187429 0.202659 0.217443 0.231790 0.245680 0.259061 0.271839 0.283886 0.295081 0.305381 0.314844 0.323580 0.331662 0.339100 0.345888 0.352070 0.357736 0.362966 0.367779 0.372132 0.375970 0.379311 0.382273 0.384994 0.387515 0.389788 0.391803 0.393643 0.395392 0.397024 0.398385 0.399340 0.400029 0.400617 0.400718 0.400343 0.400847 0.401598 0.398958 0.380826 0.260768 0.042907 0.003558 0.000059 -0.000101 -0.000005 0.000004 0.000000 -0.000000 -0.000000 0.000000 
-0.000000 -0.000000 0.000000 0.000000 -0.000000 -0.000000 -0.000000 0.000000 0.000000 0.000000 -0.000001 -0.000003 -0.000003 0.000012 0.000049 0.000062 -0.000107 -0.000637 -0.001299 -0.000731 0.003903 0.016760 0.040541 0.069680 0.096382 0.118583 0.137565 0.154831 0.171207 0.187017 0.202374 0.217316 0.231848 0.245952 0.259589 0.272691 0.285149 0.296825 0.307606 0.317471 0.326500 0.334799 0.342426 0.349397 0.355740 0.361527 0.366845 0.371741 0.376191 0.380135 0.383556 0.386549 0.389265 0.391784 0.394075 0.396109 0.397956 0.399719 0.401405 0.402892 0.403997 0.404727 0.405356 0.405767 0.405453 0.405199 0.406186 0.405727 0.399478 0.342118 0.117729 0.011023 0.000672 -0.000108 -0.000029 0.000006 0.000001 -0.000000 -0.000000 0.000000 
-0.000000 0.000000 0.000000 0.000000 -0.000000 -0.000000 -0.000000 0.000000 0.000000 -0.000000 -0.000002 -0.000004 0.000001 0.000027 0.000066 0.000025 -0.000290 -0.000964 -0.001397 0.000373 0.007705 0.024138 0.048975 0.075383 0.098810 0.119002 0.137161 0.154202 0.170548 0.186387 0.201825 0.216921 0.231677 0.246048 0.259968 0.273371 0.286176 0.298270 0.309521 0.319839 0.329236 0.337805 0.345641 0.352798 0.359310 0.365235 0.370655 0.375634 0.380172 0.384213 0.387718 0.390748 0.393457 0.395958 0.398248 0.400290 0.402141 0.403921 0.405658 0.407254 0.408525 0.409360 0.409974 0.410554 0.410589 0.409985 0.410266 0.411206 0.409120 0.385497 0.231013 0.029118 0.002327 -0.000029 -0.000077 0.000001 0.000004 -0.000000 -0.000000 -0.000000 
-0.000000 0.000000 0.000000 -0.000000 -0.000000 -0.000000 0.000000 0.000000 0.000000 -0.000001 -0.000003 -0.000003 0.000009 0.000044 0.000070 -0.000055 -0.000525 -0.001243 -0.001153 0.002195 0.012213 0.030836 0.054713 0.078370 0.099588 0.118690 0.136435 0.153281 0.169481 0.185239 0.200717 0.215994 0.231050 0.245795 0.260109 0.273885 0.287045 0.299515 0.311191 0.321961 0.331773 0.340670 0.348752 0.356106 0.362791 0.368865 0.374402 0.379470 0.384090 0.388218 0.391800 0.394870 0.397568 0.400035 0.402300 0.404331 0.406180 0.407978 0.409775 0.411479 0.412913 0.413906 0.414538 0.415143 0.415520 0.415050 0.414596 0.415556 0.415397 0.407081 0.320915 0.077200 0.006568 0.000217 -0.000153 -0.000014 0.000006 0.000001 -0.000000 -0.000000 
0.000000 0.000000 0.000000 -0.000000 -0.000000 -0.000000 0.000000 0.000000 0.000000 -0.000001 -0.000004 -0.000001 0.000019 0.000059 0.000051 -0.000181 -0.000782 -0.001394 -0.000512 0.004598 0.016716 0.035867 0.058019 0.079568 0.099478 0.117956 0.135315 0.151814 0.167737 0.183371 0.198911 0.214423 0.229852 0.245063 0.259885 0.274154 0.287753 0.300618 0.312689 0.323881 0.334117 0.343385 0.351755 0.359330 0.366196 0.372426 0.378089 0.383254 0.387954 0.392159 0.395809 0.398913 0.401592 0.404004 0.406213 0.408208 0.410043 0.411863 0.413736 0.415562 0.417158 0.418338 0.419058 0.419629 0.420194 0.420112 0.419323 0.419554 0.420681 0.418198 0.375283 0.156788 0.015523 0.001003 -0.000129 -0.000043 0.000007 0.000002 -0.000000 -0.000000 
0.000000 0.000000 0.000000 -0.000000 -0.000000 0.000000 0.000000 0.000000 -0.000000 -0.000002 -0.000004 0.000003 0.000032 0.000067 0.000007 -0.000340 -0.001013 -0.001355 0.000477 0.007151 0.020417 0.039014 0.059548 0.079736 0.098846 0.116758 0.133579 0.149608 0.165244 0.180816 0.196499 0.212311 0.228157 0.243874 0.259259 0.274107 0.288246 0.301579 0.314063 0.325656 0.336300 0.345954 0.354647 0.362472 0.369535 0.375926 0.381724 0.386994 0.391774 0.396046 0.399750 0.402872 0.405515 0.407842 0.409955 0.411880 0.413689 0.415539 0.417514 0.419494 0.421264 0.422639 0.423511 0.424073 0.424675 0.424975 0.424322 0.423769 0.424908 0.425109 0.406505 0.253124 0.033285 0.002604 -0.000047 -0.000089 0.000002 0.000004 -0.000000 -0.000000 
0.000000 0.000000 -0.000000 -0.000000 -0.000000 0.000000 0.000000 0.000000 -0.000001 -0.000003 -0.000003 0.000010 0.000044 0.000066 -0.000058 -0.000506 -0.001175 -0.001138 0.001598 0.009319 0.022864 0.040595 0.059974 0.079295 0.097709 0.114920 0.131093 0.146675 0.162129 0.177757 0.193670 0.209833 0.226119 0.242345 0.258297 0.273750 0.288492 0.302373 0.315324 0.327329 0.338365 0.348400 0.357435 0.365536 0.372814 0.379377 0.385315 0.390695 0.395557 0.399885 0.403621 0.406736 0.409310 0.411509 0.413475 0.415292 0.417067 0.418967 0.421080 0.423257 0.425230 0.426805 0.427864 0.428485 0.429049 0.429588 0.429342 0.428368 0.428841 0.430090 0.423754 0.327583 0.072114 0.005951 0.000131 -0.000166 -0.000010 0.000007 0.000001 -0.000000 
0.000000 0.000000 -0.000000 -0.000000 -0.000000 0.000000 0.000000 0.000000 -0.000001 -0.000003 -0.000002 0.000016 0.000055 0.000058 -0.000129 -0.000649 -0.001257 -0.000845 0.002547 0.010761 0.024125 0.041138 0.059756 0.078343 0.095942 0.112342 0.127903 0.143171 0.158580 0.174357 0.190549 0.207088 0.223829 0.240571 0.257089 0.273145 0.288508 0.302986 0.316466 0.328918 0.340349 0.350754 0.360132 0.368529 0.376041 0.382787 0.388871 0.394366 0.399307 0.403679 0.407420 0.410484 0.412934 0.414941 0.416700 0.418374 0.420122 0.422115 0.424416 0.426841 0.429054 0.430837 0.432097 0.432843 0.433377 0.433993 0.434197 0.433275 0.432795 0.434679 0.433614 0.377410 0.129577 0.011934 0.000592 -0.000189 -0.000032 0.000009 0.000002 -0.000000 
0.000000 0.000000 -0.000000 -0.000000 -0.000000 0.000000 0.000000 0.000000 -0.000001 -0.000004 -0.000001 0.000022 0.000062 0.000047 -0.000186 -0.000744 -0.001281 -0.000604 0.003138 0.011481 0.024582 0.041094 0.059061 0.076795 0.093451 0.109070 0.124164 0.139267 0.154718 0.170672 0.187148 0.204071 0.221287 0.238575 0.255684 0.272354 0.288344 0.303439 0.317490 0.330434 0.342278 0.353049 0.362764 0.371461 0.379222 0.386165 0.392402 0.398014 0.403030 0.407426 0.411128 0.414075 0.416314 0.418043 0.419538 0.421060 0.422823 0.424977 0.427531 0.430250 0.432739 0.434741 0.436196 0.437111 0.437675 0.438267 0.438808 0.438300 0.437118 0.438496 0.440163 0.410705 0.199694 0.020925 0.001439 -0.000146 -0.000061 0.000008 0.000003 -0.000000 
0.000000 0.000000 -0.000000 -0.000000 -0.000000 0.000000 0.000000 -0.000000 -0.000002 -0.000004 0.000000 0.000025 0.000065 0.000040 -0.000218 -0.000792 -0.001284 -0.000478 0.003395 0.011732 0.024618 0.040665 0.057839 0.074556 0.090270 0.105254 0.120043 0.135065 0.150570 0.166680 0.183424 0.200735 0.218451 0.236329 0.254077 0.271404 0.288043 0.303769 0.318414 0.331884 0.344171 0.355315 0.365360 0.374355 0.382372 0.389522 0.395919 0.401647 0.406727 0.411114 0.414710 0.417433 0.419341 0.420699 0.421903 0.423323 0.425194 0.427602 0.430472 0.433515 0.436295 0.438520 0.440159 0.441259 0.441925 0.442476 0.443185 0.443248 0.441823 0.442214 0.444913 0.431562 0.271305 0.035617 0.002752 -0.000072 -0.000098 0.000003 0.000005 0.000000 
0.000000 0.000000 -0.000000 -0.000000 -0.000000 0.000000 0.000000 -0.000000 -0.000002 -0.000004 0.000001 0.000027 0.000067 0.000037 -0.000230 -0.000810 -0.001286 -0.000436 0.003483 0.011785 0.024412 0.039814 0.055981 0.071630 0.086534 0.101057 0.115639 0.130590 0.146113 0.162344 0.179341 0.197048 0.215293 0.233803 0.252248 0.270291 0.287626 0.304011 0.319269 0.333289 0.346045 0.357575 0.367949 0.377234 0.385508 0.392870 0.399432 0.405271 0.410392 0.414713 0.418095 0.420443 0.421877 0.422802 0.423770 0.425218 0.427335 0.430097 0.433325 0.436689 0.439743 0.442179 0.443987 0.445265 0.446094 0.446653 0.447391 0.448005 0.446791 0.446087 0.449196 0.444736 0.328710 0.061323 0.004860 0.000042 -0.000150 -0.000005 0.000007 0.000001 
0.000000 0.000000 -0.000000 -0.000000 -0.000000 0.000000 0.000000 -0.000000 -0.000002 -0.000004 0.000001 0.000027 0.000067 0.000037 -0.000233 -0.000815 -0.001283 -0.000403 0.003542 0.011741 0.023912 0.038411 0.053454 0.068131 0.082407 0.096593 0.110989 0.125829 0.141326 0.157653 0.174897 0.193011 0.211809 0.230991 0.250184 0.269004 0.287098 0.304188 0.320085 0.334676 0.347921 0.359854 0.370558 0.380127 0.388652 0.396228 0.402954 0.408890 0.414007 0.418161 0.421163 0.422947 0.423792 0.424324 0.425225 0.426905 0.429422 0.432609 0.436198 0.439841 0.443117 0.445730 0.447682 0.449124 0.450154 0.450809 0.451503 0.452529 0.451887 0.450212 0.453231 0.453650 0.371364 0.095407 0.008010 0.000222 -0.000211 -0.000017 0.000009 0.000001 
0.000000 0.000000 -0.000000 -0.000000 -0.000000 0.000000 0.000000 -0.000000 -0.000002 -0.000004 0.000001 0.000027 0.000067 0.000036 -0.000235 -0.000815 -0.001261 -0.000340 0.003589 0.011514 0.022965 0.036381 0.050336 0.064216 0.078015 0.091911 0.106092 0.120777 0.136214 0.152621 0.170108 0.188635 0.208006 0.227892 0.247881 0.267537 0.286455 0.304310 0.320889 0.336074 0.349825 0.362174 0.373214 0.383064 0.391834 0.399617 0.406497 0.412497 0.417523 0.421345 0.423742 0.424787 0.425043 0.425372 0.426477 0.428613 0.431648 0.435284 0.439193 0.443040 0.446456 0.449188 0.451261 0.452851 0.454097 0.454936 0.455592 0.456853 0.456975 0.454735 0.456841 0.460263 0.403524 0.133764 0.012062 0.000533 -0.000226 -0.000031 0.000010 0.000002 
0.000000 0.000000 -0.000000 -0.000000 -0.000000 0.000000 0.000000 -0.000000 -0.000002 -0.000004 0.000001 0.000027 0.000066 0.000034 -0.000236 -0.000801 -0.001210 -0.000268 0.003523 0.010944 0.021462 0.033767 0.046778 0.060029 0.073429 0.087025 0.100952 0.115446 0.130800 0.147266 0.164981 0.183916 0.203872 0.224497 0.245334 0.265889 0.285698 0.304382 0.321696 0.337511 0.351787 0.364562 0.375945 0.386076 0.395083 0.403061 0.410067 0.416062 0.420843 0.424088 0.425641 0.425885 0.425742 0.426199 0.427809 0.430575 0.434180 0.438236 0.442389 0.446339 0.449798 0.452586 0.454754 0.456481 0.457946 0.459047 0.459720 0.461040 0.461948 0.459588 0.460415 0.465482 0.427986 0.172893 0.016693 0.000950 -0.000207 -0.000047 0.000010 0.000003 
0.000000 0.000000 -0.000000 -0.000000 -0.000000 0.000000 0.000000 -0.000000 -0.000002 -0.000004 0.000001 0.000026 0.000064 0.000032 -0.000226 -0.000759 -0.001134 -0.000246 0.003228 0.009933 0.019427 0.030707 0.042937 0.055662 0.068677 0.081941 0.095579 0.109859 0.125105 0.141600 0.159510 0.178835 0.199381 0.220778 0.242521 0.264047 0.284825 0.304412 0.322522 0.339010 0.353835 0.367050 0.378782 0.389195 0.398431 0.406581 0.413658 0.419515 0.423805 0.426176 0.426739 0.426335 0.426167 0.427132 0.429484 0.432967 0.437129 0.441530 0.445826 0.449776 0.453190 0.455976 0.458227 0.460098 0.461764 0.463156 0.463919 0.465169 0.466776 0.464685 0.464162 0.469928 0.446426 0.210080 0.021435 0.001414 -0.000181 -0.000062 0.000009 0.000004 
0.000000 0.000000 -0.000000 -0.000000 -0.000000 0.000000 0.000000 -0.000000 -0.000002 -0.000004 0.000000 0.000023 0.000058 0.000033 -0.000196 -0.000679 -0.001041 -0.000316 0.002666 0.008521 0.017000 0.027375 0.038933 0.051164 0.063768 0.076666 0.089995 0.104042 0.119147 0.135625 0.153683 0.173363 0.194495 0.216695 0.239407 0.261991 0.283828 0.304405 0.323380 0.340594 0.356001 0.369668 0.381757 0.392455 0.401910 0.410191 0.417229 0.422718 0.426185 0.427437 0.427082 0.426415 0.426680 0.428467 0.431694 0.435904 0.440551 0.445189 0.449521 0.453379 0.456688 0.459452 0.461786 0.463796 0.465633 0.467314 0.468243 0.469331 0.471462 0.469916 0.468151 0.474018 0.460251 0.242875 0.026273 0.001881 -0.000153 -0.000076 0.000008 0.000004 
0.000000 0.000000 -0.000000 -0.000000 -0.000000 0.000000 0.000000 0.000000 -0.000001 -0.000003 -0.000001 0.000018 0.000050 0.000038 -0.000146 -0.000564 -0.000940 -0.000468 0.001903 0.006856 0.014372 0.023924 0.034843 0.046555 0.058708 0.071216 0.084223 0.098016 0.112942 0.129344 0.147486 0.167472 0.189172 0.212200 0.235949 0.259687 0.282692 0.304360 0.324285 0.342286 0.358313 0.372453 0.384909 0.395893 0.405546 0.413878 0.420680 0.425462 0.427765 0.427846 0.426921 0.426512 0.427614 0.430419 0.434567 0.439444 0.444465 0.449220 0.453478 0.457190 0.460391 0.463134 0.465551 0.467706 0.469678 0.471588 0.472708 0.473577 0.476035 0.475209 0.472337 0.478375 0.470698 0.269534 0.030929 0.002308 -0.000128 -0.000089 0.000007 0.000005 
0.000000 0.000000 -0.000000 -0.000000 -0.000000 0.000000 0.000000 0.000000 -0.000001 -0.000003 -0.000002 0.000012 0.000041 0.000044 -0.000083 -0.000429 -0.000829 -0.000650 0.001073 0.005130 0.011720 0.020463 0.030709 0.041848 0.053511 0.065612 0.078285 0.091801 0.106501 0.122757 0.140905 0.161132 0.183370 0.207244 0.232097 0.257096 0.281395 0.304275 0.325250 0.344109 0.360805 0.375441 0.388277 0.399546 0.409351 0.417584 0.423836 0.427504 0.428440 0.427600 0.426653 0.427001 0.429211 0.433139 0.438186 0.443629 0.448894 0.453627 0.457747 0.461314 0.464422 0.467171 0.469685 0.471955 0.473982 0.476037 0.477372 0.478007 0.480590 0.480544 0.476737 0.482829 0.479201 0.289277 0.034829 0.002648 -0.000107 -0.000098 0.000006 0.000005 
0.000000 0.000000 -0.000000 -0.000000 -0.000000 0.000000 0.000000 0.000000 -0.000000 -0.000002 -0.000002 0.000006 0.000030 0.000048 -0.000024 -0.000293 -0.000703 -0.000790 0.000322 0.003515 0.009176 0.017061 0.026560 0.037064 0.048203 0.059879 0.072203 0.085411 0.099831 0.115868 0.133933 0.154320 0.177048 0.201773 0.227797 0.254175 0.279909 0.304144 0.326288 0.346091 0.363512 0.378673 0.391905 0.403448 0.413303 0.421173 0.426447 0.428652 0.428308 0.427070 0.426690 0.428160 0.431661 0.436766 0.442649 0.448535 0.453860 0.458477 0.462438 0.465874 0.468960 0.471746 0.474305 0.476644 0.478682 0.480785 0.482285 0.482651 0.485176 0.485889 0.481380 0.487241 0.486660 0.301950 0.037376 0.002857 -0.000094 -0.000103 0.000005 0.000005 
0.000000 0.000000 0.000000 -0.000000 -0.000000 0.000000 0.000000 0.000000 -0.000000 -0.000001 -0.000003 0.000001 0.000020 0.000046 0.000019 -0.000173 -0.000560 -0.000838 -0.000250 0.002121 0.006823 0.013767 0.022431 0.032238 0.042818 0.054048 0.065995 0.078855 0.092941 0.108683 0.126573 0.147021 0.170168 0.195733 0.222989 0.250871 0.278203 0.303957 0.327413 0.348262 0.366474 0.382201 0.395839 0.407617 0.417321 0.424421 0.428256 0.428881 0.427683 0.426694 0.427366 0.430221 0.435184 0.441485 0.448108 0.454181 0.459393 0.463829 0.467638 0.471077 0.474192 0.476993 0.479585 0.481940 0.483866 0.485867 0.487482 0.487580 0.489902 0.491274 0.486253 0.491772 0.493416 0.307525 0.038100 0.002904 -0.000090 -0.000103 0.000005 0.000005 
0.000000 0.000000 0.000000 -0.000000 -0.000000 -0.000000 0.000000 0.000000 0.000000 -0.000001 -0.000003 -0.000002 0.000011 0.000039 0.000042 -0.000078 -0.000405 -0.000778 -0.000603 0.001003 0.004714 0.010632 0.018372 0.027421 0.037401 0.048149 0.059677 0.072139 0.085837 0.101218 0.118837 0.139232 0.162696 0.189061 0.217600 0.247123 0.276242 0.303708 0.328644 0.350657 0.369742 0.386079 0.400124 0.412031 0.421229 0.427024 0.429100 0.428381 0.426997 0.426866 0.428969 0.433489 0.440089 0.447556 0.454610 0.460554 0.465597 0.469869 0.473796 0.477285 0.480429 0.483244 0.485716 0.487914 0.489649 0.491465 0.493092 0.492862 0.494867 0.496734 0.491328 0.496549 0.499644 0.305773 0.036871 0.002785 -0.000096 -0.000099 0.000005 0.000005 
0.000000 0.000000 0.000000 -0.000000 -0.000000 -0.000000 0.000000 0.000000 0.000000 -0.000000 -0.000002 -0.000003 0.000005 0.000027 0.000047 -0.000012 -0.000253 -0.000634 -0.000749 0.000175 0.002895 0.007721 0.014458 0.022679 0.032004 0.042214 0.053264 0.065272 0.078530 0.093491 0.110749 0.130958 0.154604 0.181692 0.211544 0.242852 0.273977 0.303388 0.330003 0.353325 0.373374 0.390375 0.404788 0.416587 0.424748 0.428681 0.429025 0.427534 0.426691 0.427926 0.431890 0.438673 0.447317 0.455899 0.462942 0.468805 0.473747 0.478183 0.482029 0.485439 0.488421 0.490854 0.492965 0.494884 0.496233 0.497603 0.499099 0.498521 0.500129 0.502269 0.496549 0.501678 0.505376 0.296194 0.033968 0.002518 -0.000110 -0.000091 0.000006 0.000005 
-0.000000 0.000000 0.000000 0.000000 -0.000000 -0.000000 -0.000000 0.000000 0.000000 -0.000000 -0.000001 -0.000003 0.000000 0.000016 0.000040 0.000026 -0.000123 -0.000449 -0.000731 -0.000366 0.001415 0.005121 0.010783 0.018098 0.026689 0.036282 0.046777 0.058270 0.071038 0.085525 0.102339 0.122220 0.145869 0.173552 0.204719 0.237960 0.271346 0.302986 0.331524 0.356335 0.377447 0.395163 0.409814 0.421070 0.427494 0.429246 0.428314 0.426829 0.426917 0.430127 0.438812 0.451634 0.463919 0.472535 0.478214 0.483368 0.488453 0.492530 0.494918 0.497233 0.498999 0.500579 0.501867 0.502998 0.503670 0.504495 0.505739 0.504649 0.505753 0.508012 0.502008 0.507296 0.510409 0.278238 0.029918 0.002139 -0.000130 -0.000080 0.000007 0.000004 
-0.000000 -0.000000 0.000000 0.000000 -0.000000 -0.000000 -0.000000 0.000000 0.000000 0.000000 -0.000000 -0.000002 -0.000002 0.000006 0.000028 0.000040 -0.000029 -0.000265 -0.000600 -0.000636 0.000322 0.002930 0.007461 0.013773 0.021524 0.030398 0.040253 0.051161 0.063386 0.077348 0.093638 0.113048 0.136484 0.164565 0.196997 0.232320 0.268262 0.302480 0.333249 0.359770 0.382071 0.400504 0.415109 0.425072 0.429152 0.428979 0.427568 0.431039 0.464894 0.534056 0.596826 0.630142 0.635009 0.616438 0.581156 0.542501 0.522439 0.517477 0.517818 0.514934 0.513973 0.513205 0.512748 0.512710 0.512415 0.512339 0.512992 0.511254 0.511883 0.514003 0.507646 0.513384 0.513950 0.251695 0.025301 0.001692 -0.000153 -0.000066 0.000008 0.000004 
-0.000000 -0.000000 0.000000 0.000000 0.000000 -0.000000 -0.000000 -0.000000 0.000000 0.000000 -0.000000 -0.000001 -0.000002 0.000000 0.000015 0.000037 0.000024 -0.000114 -0.000414 -0.000676 -0.000358 0.001243 0.004614 0.009817 0.016593 0.024626 0.033744 0.043993 0.055611 0.068987 0.084677 0.103481 0.126465 0.154664 0.188233 0.225775 0.264617 0.301837 0.335225 0.363743 0.387384 0.406430 0.420503 0.427983 0.429820 0.434097 0.498638 0.670749 0.831319 0.913282 0.949447 0.960201 0.956829 0.939148 0.897476 0.816546 0.689315 0.586257 0.554966 0.544664 0.535294 0.530121 0.526734 0.524506 0.522573 0.521210 0.521110 0.518644 0.518690 0.520302 0.513536 0.519848 0.514354 0.217447 0.020498 0.001220 -0.000176 -0.000051 0.000009 0.000003 
-0.000000 -0.000000 -0.000000 0.000000 0.000000 -0.000000 -0.000000 -0.000000 0.000000 0.000000 0.000000 -0.000000 -0.000002 -0.000002 0.000005 0.000026 0.000041 -0.000016 -0.000228 -0.000553 -0.000648 0.000115 0.002355 0.006352 0.012006 0.019059 0.027332 0.036837 0.047769 0.060480 0.075487 0.093566 0.115865 0.143824 0.178281 0.218138 0.260290 0.301028 0.337516 0.368399 0.393549 0.413039 0.424997 0.431462 0.465009 0.658036 0.886912 0.976885 0.993395 0.997749 0.998376 0.997219 0.994657 0.990443 0.983419 0.969511 0.931831 0.809868 0.652056 0.590721 0.568341 0.553686 0.544612 0.539041 0.534790 0.531760 0.530537 0.526842 0.526105 0.527085 0.519856 0.527559 0.507470 0.177812 0.015448 0.000768 -0.000195 -0.000036 0.000009 0.000002 
-0.000000 -0.000000 -0.000000 0.000000 0.000000 0.000000 -0.000000 -0.000000 -0.000000 0.000000 0.000000 0.000000 -0.000001 -0.000002 -0.000001 0.000013 0.000035 0.000031 -0.000083 -0.000353 -0.000632 -0.000469 0.000756 0.003507 0.007907 0.013833 0.021135 0.029789 0.039935 0.051882 0.066110 0.083352 0.104772 0.132091 0.167021 0.209185 0.255133 0.300051 0.340233 0.373948 0.400855 0.419521 0.434151 0.520383 0.811178 0.973401 0.996568 0.999907 1.000245 0.999704 0.998370 0.996205 0.993189 0.989297 0.984467 0.978319 0.968957 0.944841 0.855757 0.692295 0.617475 0.586908 0.568586 0.557213 0.549332 0.543864 0.540919 0.535815 0.534557 0.534459 0.526789 0.537022 0.487874 0.134714 0.010670 0.000388 -0.000204 -0.000022 0.000008 0.000001 
0.000000 -0.000000 -0.000000 -0.000000 0.000000 0.000000 -0.000000 -0.000000 -0.000000 0.000000 0.000000 0.000000 -0.000000 -0.000002 -0.000002 0.000003 0.000020 0.000038 0.000002 -0.000160 -0.000443 -0.000613 -0.000183 0.001394 0.004472 0.009132 0.015314 0.022980 0.032217 0.043278 0.056607 0.072900 0.093282 0.119596 0.154381 0.198636 0.248922 0.298933 0.343597 0.380749 0.409204 0.434613 0.565515 0.891360 0.991706 1.000562 1.001078 1.000516 0.999528 0.998079 0.996011 0.993236 0.989760 0.985605 0.980766 0.975213 0.968610 0.959187 0.937579 0.861337 0.708833 0.634393 0.600310 0.579995 0.566912 0.558117 0.553058 0.546140 0.544025 0.541912 0.534381 0.547886 0.449493 0.091581 0.006694 0.000140 -0.000167 -0.000010 0.000006 0.000001 
0.000000 0.000000 -0.000000 -0.000000 0.000000 0.000000 0.000000 -0.000000 -0.000000 -0.000000 0.000000 0.000000 0.000000 -0.000001 -0.000002 -0.000001 0.000007 0.000025 0.000033 -0.000028 -0.000218 -0.000484 -0.000550 0.000071 0.001875 0.005179 0.010082 0.016590 0.024760 0.034790 0.047081 0.062291 0.081492 0.106516 0.140374 0.186151 0.241273 0.297662 0.347990 0.389311 0.426708 0.570547 0.919611 0.996682 1.002100 1.002549 1.001629 0.999896 0.997825 0.995548 0.992912 0.989738 0.985975 0.981633 0.976682 0.971094 0.964939 0.957708 0.947038 0.923292 0.847093 0.710898 0.643543 0.609546 0.588111 0.574567 0.566596 0.557035 0.554177 0.549845 0.542995 0.560713 0.389161 0.054480 0.003826 0.000005 -0.000108 -0.000001 0.000004 0.000000 
0.000000 0.000000 0.000000 -0.000000 -0.000000 0.000000 0.000000 0.000000 -0.000000 -0.000000 -0.000000 0.000000 0.000000 0.000000 -0.000001 -0.000002 -0.000001 0.000010 0.000030 0.000030 -0.000052 -0.000263 -0.000521 -0.000521 0.000224 0.002193 0.005692 0.010855 0.017767 0.026594 0.037682 0.051644 0.069500 0.092997 0.125218 0.171310 0.231563 0.296081 0.354033 0.404822 0.529205 0.909909 0.997585 1.002637 1.003568 1.003103 1.001189 0.998376 0.995333 0.992343 0.989266 0.985839 0.981920 0.977490 0.972523 0.966945 0.960758 0.954045 0.945921 0.933022 0.904411 0.823290 0.707344 0.647471 0.614219 0.594344 0.582427 0.570239 0.566890 0.558960 0.552767 0.574668 0.306020 0.030497 0.002060 -0.000077 -0.000065 0.000004 0.000003 0.000000 
0.000000 0.000000 0.000000 -0.000000 -0.000000 -0.000000 0.000000 0.000000 0.000000 -0.000000 -0.000000 0.000000 0.000000 0.000000 -0.000000 -0.000001 -0.000003 0.000001 0.000015 0.000035 0.000026 -0.000078 -0.000314 -0.000572 -0.000528 0.000304 0.002392 0.006060 0.011508 0.018925 0.028618 0.041137 0.057433 0.079150 0.109293 0.153730 0.218944 0.293954 0.364997 0.464926 0.861549 1.000090 1.004945 1.004882 1.004302 1.002565 0.999607 0.995937 0.992183 0.988657 0.985247 0.981653 0.977658 0.973198 0.968252 0.962754 0.956630 0.949914 0.942575 0.933093 0.916948 0.881757 0.796731 0.701562 0.647396 0.617976 0.600179 0.584591 0.579859 0.567365 0.564489 0.575317 0.211293 0.017576 0.000948 -0.000123 -0.000035 0.000005 0.000002 -0.000000 
-0.000000 0.000000 0.000000 0.000000 -0.000000 -0.000000 0.000000 0.000000 0.000000 -0.000000 -0.000000 -0.000000 0.000000 0.000000 0.000000 -0.000000 -0.000002 -0.000002 0.000003 0.000019 0.000038 0.000017 -0.000107 -0.000358 -0.000615 -0.000548 0.000326 0.002485 0.006310 0.012096 0.020167 0.031016 0.045491 0.065127 0.092839 0.133975 0.202165 0.291839 0.393443 0.740582 1.005010 1.013777 1.010438 1.007726 1.005018 1.001585 0.997420 0.992948 0.988635 0.984701 0.981025 0.977298 0.973261 0.968804 0.963899 0.958494 0.952502 0.945869 0.938596 0.930384 0.918952 0.898614 0.856218 0.770629 0.690481 0.645580 0.618983 0.598734 0.592008 0.576312 0.580418 0.530404 0.122598 0.008524 0.000294 -0.000139 -0.000015 0.000005 0.000001 -0.000000 
-0.000000 -0.000000 0.000000 0.000000 0.000000 -0.000000 -0.000000 0.000000 0.000000 0.000000 -0.000000 -0.000000 -0.000000 0.000000 0.000000 0.000000 -0.000001 -0.000002 -0.000002 0.000004 0.000021 0.000037 0.000010 -0.000123 -0.000381 -0.000643 -0.000582 0.000288 0.002488 0.006483 0.012691 0.021607 0.033983 0.051198 0.075965 0.113473 0.177931 0.288666 0.501679 0.969878 1.023602 1.021495 1.016264 1.011420 1.006733 1.001565 0.995910 0.990275 0.985166 0.980729 0.976754 0.972877 0.968793 0.964348 0.959494 0.954183 0.948332 0.941865 0.934704 0.926705 0.917231 0.903212 0.877830 0.828057 0.746343 0.684572 0.645283 0.619305 0.607853 0.588872 0.606558 0.414326 0.052164 0.003458 0.000039 -0.000083 -0.000003 0.000003 0.000000 -0.000000 
-0.000000 -0.000000 -0.000000 0.000000 0.000000 -0.000000 -0.000000 -0.000000 0.000000 0.000000 0.000000 -0.000000 -0.000000 -0.000000 0.000000 0.000000 0.000000 -0.000001 -0.000002 -0.000002 0.000005 0.000023 0.000039 0.000011 -0.000124 -0.000386 -0.000662 -0.000633 0.000204 0.002434 0.006623 0.013344 0.023336 0.037794 0.058998 0.091910 0.145057 0.286163 0.727287 1.007537 1.026954 1.026182 1.021391 1.015856 1.010188 1.003916 0.996825 0.989499 0.982855 0.977338 0.972733 0.968535 0.964319 0.959856 0.955051 0.949836 0.944125 0.937840 0.930892 0.923068 0.914036 0.902820 0.885567 0.854285 0.796476 0.732006 0.672712 0.644101 0.625153 0.602715 0.631403 0.261475 0.021880 0.001284 -0.000045 -0.000034 0.000002 0.000001 -0.000000 -0.000000 
0.000000 -0.000000 -0.000000 -0.000000 0.000000 0.000000 -0.000000 -0.000000 -0.000000 0.000000 0.000000 0.000000 -0.000000 -0.000000 -0.000000 0.000000 0.000000 0.000000 -0.000001 -0.000002 -0.000002 0.000006 0.000024 0.000041 0.000016 -0.000115 -0.000377 -0.000673 -0.000688 0.000102 0.002348 0.006748 0.014086 0.025461 0.042933 0.070070 0.113529 0.274975 0.793497 1.004833 1.025682 1.028320 1.025567 1.020664 1.015111 1.008867 1.001357 0.992644 0.983822 0.976127 0.969926 0.964770 0.960055 0.955385 0.950556 0.945431 0.939873 0.933779 0.927074 0.919559 0.910806 0.900358 0.886880 0.865510 0.826843 0.767687 0.692955 0.668650 0.635167 0.625055 0.589070 0.127559 0.007835 0.000308 -0.000072 -0.000011 0.000003 0.000000 -0.000000 -0.000000 
0.000000 0.000000 -0.000000 -0.000000 0.000000 0.000000 0.000000 -0.000000 -0.000000 -0.000000 0.000000 0.000000 0.000000 -0.000000 -0.000000 0.000000 0.000000 0.000000 0.000000 -0.000001 -0.000002 -0.000002 0.000006 0.000024 0.000043 0.000022 -0.000098 -0.000355 -0.000665 -0.000730 -0.000004 0.002241 0.006859 0.014971 0.028270 0.049479 0.087253 0.183995 0.747945 0.989413 1.020955 1.028068 1.028421 1.025112 1.020351 1.014911 1.008407 1.000111 0.990172 0.979944 0.970856 0.963337 0.957017 0.951395 0.946117 0.940896 0.935459 0.929588 0.923164 0.916049 0.907811 0.897837 0.885704 0.869604 0.843520 0.797001 0.728546 0.705801 0.643719 0.673395 0.373263 0.033669 0.002132 0.000017 -0.000043 -0.000001 0.000001 0.000000 -0.000000 -0.000000 
0.000000 0.000000 0.000000 -0.000000 -0.000000 0.000000 0.000000 0.000000 -0.000000 -0.000000 -0.000000 0.000000 0.000000 -0.000000 -0.000000 -0.000000 0.000000 0.000000 0.000000 0.000000 -0.000001 -0.000002 -0.000002 0.000005 0.000023 0.000042 0.000030 -0.000074 -0.000316 -0.000636 -0.000753 -0.000107 0.002122 0.006983 0.015960 0.031894 0.059375 0.091547 0.631880 0.954218 1.011804 1.025191 1.029236 1.028335 1.024864 1.020307 1.015144 1.008796 1.000402 0.989954 0.978650 0.967913 0.958407 0.950150 0.942999 0.936693 0.930818 0.924928 0.918701 0.911943 0.904296 0.895016 0.883427 0.869102 0.849549 0.818602 0.777440 0.725197 0.678079 0.672762 0.161688 0.009660 0.000436 -0.000034 -0.000010 0.000002 0.000000 -0.000000 -0.000000 0.000000 
-0.000000 0.000000 0.000000 -0.000000 -0.000000 -0.000000 0.000000 0.000000 0.000000 -0.000000 -0.000000 -0.000000 0.000000 0.000000 -0.000000 -0.000000 -0.000000 0.000000 0.000000 0.000000 0.000000 -0.000001 -0.000002 -0.000003 0.000003 0.000020 0.000041 0.000038 -0.000046 -0.000265 -0.000585 -0.000752 -0.000195 0.001996 0.007101 0.017090 0.034946 0.071439 0.291211 0.844797 0.994923 1.019304 1.027234 1.029625 1.028194 1.024622 1.020225 1.015388 1.009534 1.001744 0.991741 0.980221 0.968243 0.956616 0.945911 0.936480 0.928283 0.920962 0.913986 0.906923 0.899351 0.890473 0.879091 0.864323 0.845484 0.819434 0.783292 0.739375 0.750922 0.379460 0.029634 0.001737 0.000006 -0.000031 0.000000 0.000001 -0.000000 -0.000000 0.000000 0.000000 
-0.000000 -0.000000 0.000000 0.000000 -0.000000 -0.000000 -0.000000 0.000000 0.000000 0.000000 -0.000000 -0.000000 0.000000 0.000000 0.000000 -0.000000 -0.000000 -0.000000 0.000000 0.000000 0.000000 0.000000 -0.000001 -0.000002 -0.000003 0.000002 0.000016 0.000038 0.000044 -0.000017 -0.000206 -0.000514 -0.000724 -0.000264 0.001859 0.007090 0.017854 0.038656 0.069569 0.640419 0.963406 1.011908 1.022164 1.028840 1.030041 1.027899 1.024177 1.019968 1.015437 1.010146 1.003322 0.994542 0.984007 0.972195 0.959585 0.946885 0.935004 0.924495 0.915175 0.906589 0.898307 0.889699 0.879613 0.866696 0.849749 0.827978 0.806081 0.797624 0.646852 0.090102 0.004702 0.000187 -0.000031 -0.000004 0.000001 0.000000 -0.000000 -0.000000 0.000000 0.000000 
-0.000000 -0.000000 -0.000000 0.000000 0.000000 -0.000000 -0.000000 -0.000000 0.000000 0.000000 0.000000 -0.000000 -0.000000 0.000000 0.000000 0.000000 -0.000000 -0.000000 -0.000000 0.000000 0.000000 0.000000 0.000000 -0.000001 -0.000002 -0.000003 -0.000000 0.000012 0.000033 0.000047 0.000009 -0.000144 -0.000427 -0.000667 -0.000315 0.001677 0.006814 0.017197 0.043138 0.164676 0.704698 1.011282 1.011378 1.026224 1.029757 1.030138 1.027630 1.023952 1.019588 1.015164 1.010350 1.004488 0.997189 0.988453 0.978373 0.967032 0.954731 0.942129 0.930179 0.919533 0.910433 0.902839 0.896303 0.889525 0.880946 0.870987 0.862910 0.749784 0.159896 0.008924 0.000454 -0.000035 -0.000010 0.000002 0.000000 -0.000000 -0.000000 0.000000 0.000000 -0.000000 
0.000000 -0.000000 -0.000000 -0.000000 0.000000 0.000000 -0.000000 -0.000000 -0.000000 0.000000 0.000000 0.000000 -0.000000 -0.000000 0.000000 0.000000 0.000000 -0.000000 -0.000000 -0.000000 -0.000000 0.000000 0.000000 0.000000 -0.000000 -0.000002 -0.000003 -0.000002 0.000007 0.000026 0.000044 0.000027 -0.000084 -0.000328 -0.000585 -0.000373 0.001302 0.005553 0.013712 0.036765 0.147679 0.551497 0.982366 1.015035 1.027156 1.032691 1.030030 1.026854 1.023079 1.019140 1.014931 1.010370 1.005137 0.999018 0.992031 0.984200 0.975448 0.965839 0.955837 0.946235 0.937912 0.931477 0.926922 0.923598 0.918585 0.909281 0.741271 0.178805 0.010550 0.000638 -0.000029 -0.000015 0.000002 0.000000 -0.000000 -0.000000 0.000000 0.000000 -0.000000 -0.000000 
0.000000 0.000000 -0.000000 -0.000000 -0.000000 0.000000 0.000000 -0.000000 -0.000000 -0.000000 0.000000 0.000000 0.000000 -0.000000 -0.000000 0.000000 0.000000 0.000000 -0.000000 -0.000000 -0.000000 -0.000000 0.000000 0.000000 0.000000 -0.000000 -0.000001 -0.000003 -0.000003 0.000003 0.000018 0.000038 0.000038 -0.000033 -0.000224 -0.000479 -0.000443 0.000696 0.003438 0.009059 0.023035 0.060175 0.378076 0.834142 1.059668 1.033119 1.025196 1.029827 1.027798 1.023400 1.018732 1.014380 1.010036 1.005235 0.999889 0.994115 0.988004 0.981489 0.974487 0.967312 0.960444 0.954381 0.949503 0.945526 0.884960 0.580281 0.098807 0.007498 0.000573 -0.000023 -0.000019 0.000002 0.000001 -0.000000 -0.000000 0.000000 0.000000 -0.000000 -0.000000 0.000000 
0.000000 0.000000 0.000000 -0.000000 -0.000000 0.000000 0.000000 0.000000 -0.000000 -0.000000 -0.000000 0.000000 0.000000 0.000000 -0.000000 -0.000000 0.000000 0.000000 0.000000 0.000000 -0.000000 -0.000000 -0.000000 0.000000 0.000000 0.000000 0.000000 -0.000001 -0.000002 -0.000003 -0.000000 0.000010 0.000028 0.000039 0.000004 -0.000127 -0.000348 -0.000458 0.000049 0.001507 0.005001 0.012258 0.034754 0.182321 0.440542 0.793909 1.024024 1.058103 1.032493 1.021266 1.018869 1.017036 1.013823 1.009870 1.005439 1.000553 0.995301 0.989857 0.984222 0.979595 0.976661 0.970503 0.901146 0.704667 0.257247 0.025653 0.003565 0.000331 -0.000033 -0.000017 0.000002 0.000001 -0.000000 -0.000000 0.000000 0.000000 -0.000000 -0.000000 0.000000 0.000000 
-0.000000 0.000000 0.000000 0.000000 -0.000000 -0.000000 0.000000 0.000000 0.000000 -0.000000 -0.000000 -0.000000 0.000000 0.000000 0.000000 -0.000000 -0.000000 -0.000000 0.000000 0.000000 0.000000 -0.000000 -0.000000 -0.000000 0.000000 0.000000 0.000000 0.000000 -0.000000 -0.000001 -0.000003 -0.000002 0.000004 0.000018 0.000033 0.000025 -0.000047 -0.000206 -0.000379 -0.000329 0.000414 0.002156 0.005830 0.015054 0.029930 0.129617 0.344364 0.609502 0.839455 0.986236 1.048873 1.043545 1.031944 1.023329 1.017835 1.014073 1.010789 1.006610 0.992493 0.927792 0.821802 0.589390 0.239928 0.043640 0.008153 0.001206 0.000106 -0.000034 -0.000012 0.000002 0.000001 -0.000000 -0.000000 0.000000 0.000000 -0.000000 -0.000000 0.000000 0.000000 -0.000000 
-0.000000 -0.000000 0.000000 0.000000 0.000000 -0.000000 -0.000000 0.000000 0.000000 0.000000 -0.000000 -0.000000 -0.000000 0.000000 0.000000 0.000000 -0.000000 -0.000000 -0.000000 0.000000 0.000000 0.000000 -0.000000 -0.000000 -0.000000 0.000000 0.000000 0.000000 0.000000 -0.000000 -0.000001 -0.000002 -0.000002 0.000000 0.000009 0.000023 0.000029 0.000003 -0.000084 -0.000227 -0.000329 -0.000094 0.000407 0.001771 0.004292 0.010117 0.020598 0.034392 0.146413 0.300238 0.451658 0.610248 0.723187 0.778735 0.795068 0.781622 0.733612 0.624392 0.437189 0.255962 0.107613 0.019485 0.007967 0.001688 0.000298 -0.000010 -0.000030 -0.000007 0.000002 0.000001 -0.000000 -0.000000 0.000000 0.000000 -0.000000 -0.000000 0.000000 0.000000 -0.000000 -0.000000 
-0.000000 -0.000000 -0.000000 0.000000 0.000000 0.000000 -0.000000 -0.000000 0.000000 0.000000 0.000000 -0.000000 -0.000000 -0.000000 0.000000 0.000000 0.000000 -0.000000 -0.000000 -0.000000 0.000000 0.000000 0.000000 -0.000000 -0.000000 -0.000000 -0.000000 0.000000 0.000000 0.000000 0.000000 -0.000000 -0.000001 -0.000002 -0.000002 0.000003 0.000012 0.000023 0.000022 -0.000010 -0.000091 -0.000198 -0.000304 -0.000146 0.000136 0.000798 0.002210 0.004028 0.008911 0.015944 0.020929 0.025436 0.045088 0.070923 0.080799 0.069234 0.043056 0.021097 0.014641 0.009198 0.003618 0.000955 0.000222 -0.000004 -0.000034 -0.000021 -0.000002 0.000002 0.000000 -0.000000 -0.000000 0.000000 0.000000 -0.000000 -0.000000 0.000000 0.000000 -0.000000 -0.000000 -0.000000 
0.000000 0.000000 -0.000000 -0.000000 0.000000 0.000000 0.000000 -0.000000 -0.000000 0.000000 0.000000 0.000000 -0.000000 -0.000000 -0.000000 0.000000 0.000000 0.000000 -0.000000 -0.000000 -0.000000 0.000000 0.000000 0.000000 -0.000000 -0.000000 -0.000000 -0.000000 0.000000 0.000000 0.000000 0.000000 -0.000000 -0.000001 -0.000001 -0.000002 -0.000001 0.000004 0.000012 0.000019 0.000015 -0.000012 -0.000070 -0.000143 -0.000239 -0.000239 -0.000105 0.000085 0.000418 0.001112 0.001834 0.002377 0.002903 0.003441 0.003507 0.002940 0.002038 0.001277 0.000708 0.000230 -0.000004 -0.000067 -0.000080 -0.000031 -0.000006 0.000001 0.000001 0.000000 -0.000000 -0.000000 0.000000 0.000000 -0.000000 -0.000000 0.000000 0.000000 -0.000000 -0.000000 0.000000 0.000000 
0.000000 0.000000 0.000000 -0.000000 -0.000000 0.000000 0.000000 0.000000 -0.000000 -0.000000 0.000000 0.000000 0.000000 -0.000000 -0.000000 -0.000000 0.000000 0.000000 0.000000 -0.000000 -0.000000 -0.000000 0.000000 0.000000 0.000000 0.000000 -0.000000 -0.000000 -0.000000 -0.000000 0.000000 0.000000 0.000000 0.000000 -0.000000 -0.000001 -0.000001 -0.000001 0.000000 0.000004 0.000010 0.000015 0.000015 0.000001 -0.000031 -0.000078 -0.000133 -0.000198 -0.000249 -0.000199 -0.000130 -0.000072 -0.000035 -0.000018 -0.000021 -0.000043 -0.000073 -0.000103 -0.000126 -0.000129 -0.000068 -0.000026 -0.000007 0.000000 0.000002 0.000001 0.000000 -0.000000 -0.000000 0.000000 0.000000 -0.000000 -0.000000 0.000000 0.000000 -0.000000 -0.000000 0.000000 0.000000 0.000000 
-0.000000 0.000000 0.000000 -0.000000 -0.000000 -0.000000 0.000000 0.000000 0.000000 -0.000000 -0.000000 0.000000 0.000000 0.000000 -0.000000 -0.000000 -0.000000 0.000000 0.000000 0.000000 -0.000000 -0.000000 -0.000000 -0.000000 0.000000 0.000000 0.000000 -0.000000 -0.000000 -0.000000 -0.000000 0.000000 0.000000 0.000000 0.000000 0.000000 -0.000000 -0.000001 -0.000001 -0.000001 0.000000 0.000003 0.000007 0.000011 0.000014 0.000012 0.000001 -0.000018 -0.000042 -0.000067 -0.000089 -0.000105 -0.000113 -0.000114 -0.000106 -0.000088 -0.000066 -0.000044 -0.000025 -0.000009 0.000000 0.000003 0.000002 0.000001 0.000000 -0.000000 -0.000000 -0.000000 0.000000 0.000000 -0.000000 -0.000000 0.000000 0.000000 -0.000000 -0.000000 0.000000 0.000000 -0.000000 -0.000000 
-0.000000 -0.000000 0.000000 0.000000 -0.000000 -0.000000 -0.000000 0.000000 0.000000 0.000000 -0.000000 -0.000000 0.000000 0.000000 0.000000 -0.000000 -0.000000 -0.000000 0.000000 0.000000 0.000000 -0.000000 -0.000000 -0.000000 -0.000000 0.000000 0.000000 0.000000 0.000000 -0.000000 -0.000000 -0.000000 -0.000000 0.000000 0.000000 0.000000 0.000000 0.000000 -0.000000 -0.000000 -0.000001 -0.000001 -0.000000 0.000001 0.000003 0.000006 0.000009 0.000011 0.000011 0.000010 0.000006 0.000002 -0.000000 -0.000001 -0.000001 0.000001 0.000003 0.000005 0.000005 0.000004 0.000002 0.000001 0.000000 -0.000000 -0.000000 -0.000000 -0.000000 0.000000 0.000000 -0.000000 -0.000000 0.000000 0.000000 -0.000000 -0.000000 0.000000 0.000000 -0.000000 -0.000000 -0.000000 
-0.000000 -0.000000 -0.000000 0.000000 0.000000 -0.000000 -0.000000 -0.000000 0.000000 0.000000 0.000000 -0.000000 -0.000000 -0.000000 0.000000 0.000000 -0.000000 -0.000000 -0.000000 0.000000 0.000000 0.000000 0.000000 -0.000000 -0.000000 -0.000000 0.000000 0.000000 0.000000 0.000000 -0.000000 -0.000000 -0.000000 -0.000000 -0.000000 0.000000 0.000000 0.000000 0.000000 0.000000 -0.000000 -0.000000 -0.000001 -0.000001 -0.000001 -0.000000 0.000001 0.000002 0.000003 0.000004 0.000005 0.000005 0.000005 0.000005 0.000005 0.000004 0.000003 0.000002 0.000001 0.000000 0.000000 -0.000000 -0.000000 -0.000000 -0.000000 0.000000 0.000000 0.000000 -0.000000 -0.000000 0.000000 0.000000 -0.000000 -0.000000 0.000000 0.000000 -0.000000 -0.000000 -0.000000 0.000000 
0.000000 -0.000000 -0.000000 -0.000000 0.000000 0.000000 -0.000000 -0.000000 -0.000000 0.000000 0.000000 0.000000 -0.000000 -0.000000 -0.000000 0.000000 0.000000 0.000000 -0.000000 -0.000000 -0.000000 0.000000 0.000000 0.000000 -0.000000 -0.000000 -0.000000 -0.000000 0.000000 0.000000 0.000000 0.000000 -0.000000 -0.000000 -0.000000 -0.000000 -0.000000 0.000000 0.000000 0.000000 0.000000 0.000000 -0.000000 -0.000000 -0.000000 -0.000000 -0.000001 -0.000001 -0.000000 -0.000000 -0.000000 0.000000 0.000000 0.000000 0.000000 0.000000 -0.000000 -0.000000 -0.000000 -0.000000 -0.000000 -0.000000 -0.000000 0.000000 0.000000 0.000000 -0.000000 -0.000000 -0.000000 0.000000 0.000000 -0.000000 -0.000000 0.000000 0.000000 -0.000000 -0.000000 0.000000 0.000000 0.000000 
0.000000 0.000000 -0.000000 -0.000000 -0.000000 0.000000 0.000000 -0.000000 -0.000000 -0.000000 0.000000 0.000000 0.000000 -0.000000 -0.000000 0.000000 0.000000 0.000000 -0.000000 -0.000000 -0.000000 -0.000000 0.000000 0.000000 0.000000 -0.000000 -0.000000 -0.000000 -0.000000 0.000000 0.000000 0.000000 0.000000 0.000000 -0.000000 -0.000000 -0.000000 -0.000000 0.000000 0.000000 0.000000 0.000000 0.000000 0.000000 -0.000000 -0.000000 -0.000000 -0.000000 -0.000000 -0.000000 -0.000000 -0.000000 -0.000000 -0.000000 -0.000000 -0.000000 -0.000000 -0.000000 -0.000000 -0.000000 -0.000000 0.000000 0.000000 0.000000 0.000000 -0.000000 -0.000000 -0.000000 0.000000 0.000000 -0.000000 -0.000000 0.000000 0.000000 0.000000 -0.000000 -0.000000 0.000000 0.000000 -0.000000 
