-1.500000 -1.500000 -1.500000 -1.500000 -1.500000 -1.500000 -1.500000 -1.500000 -1.500000 -1.500000 -1.500000 -1.500000 -1.500000 -1.500000 -1.500000 -1.500000 -1.500000 -1.500000 -1.500000 -1.500000 -1.500000 -1.500000 -1.500000 -1.500000 -1.500000 -1.500000 -1.500000 -1.500000 -1.500000 -1.500000 -1.500000 -1.500000 -1.500000 -1.500000 -1.500000 -1.500000 -1.500000 -1.500000 -1.500000 -1.500000 -1.500000 -1.500000 -1.500000 -1.500000 -1.500000 -1.500000 -1.500000 -1.500000 -1.500000 -1.500000 -1.500000 -1.500000 -1.500000 -1.500000 -1.500000 -1.500000 -1.500000 -1.500000 -1.500000 -1.500000 -1.500000 -1.500000 -1.500000 -1.500000 -1.500000 -1.500000 -1.500000 -1.500000 -1.500000 -1.500000 -1.500000 -1.500000 -1.500000 -1.500000 -1.500000 -1.500000 -1.500000 -1.500000 -1.500000 -1.500000 -1.500000 
-1.462500 -1.462500 -1.462500 -1.462500 -1.462500 -1.462500 -1.462500 -1.462500 -1.462500 -1.462500 -1.462500 -1.462500 -1.462500 -1.462500 -1.462500 -1.462500 -1.462500 -1.462500 -1.462500 -1.462500 -1.462500 -1.462500 -1.462500 -1.462500 -1.462500 -1.462500 -1.462500 -1.462500 -1.462500 -1.462500 -1.462500 -1.462500 -1.462500 -1.462500 -1.462500 -1.462500 -1.462500 -1.462500 -1.462500 -1.462500 -1.462500 -1.462500 -1.462500 -1.462500 -1.462500 -1.462500 -1.462500 -1.462500 -1.462500 -1.462500 -1.462500 -1.462500 -1.462500 -1.462500 -1.462500 -1.462500 -1.462500 -1.462500 -1.462500 -1.462500 -1.462500 -1.462500 -1.462500 -1.462500 -1.462500 -1.462500 -1.462500 -1.462500 -1.462500 -1.462500 -1.462500 -1.462500 -1.462500 -1.462500 -1.462500 -1.462500 -1.462500 -1.462500 -1.462500 -1.462500 -1.462500 
-1.425000 -1.425000 -1.425000 -1.425000 -1.425000 -1.425000 -1.425000 -1.425000 -1.425000 -1.425000 -1.425000 -1.425000 -1.425000 -1.425000 -1.425000 -1.425000 -1.425000 -1.425000 -1.425000 -1.425000 -1.425000 -1.425000 -1.425000 -1.425000 -1.425000 -1.425000 -1.425000 -1.425000 -1.425000 -1.425000 -1.425000 -1.425000 -1.425000 -1.425000 -1.425000 -1.425000 -1.425000 -1.425000 -1.425000 -1.425000 -1.425000 -1.425000 -1.425000 -1.425000 -1.425000 -1.425000 -1.425000 -1.425000 -1.425000 -1.425000 -1.425000 -1.425000 -1.425000 -1.425000 -1.425000 -1.425000 -1.425000 -1.425000 -1.425000 -1.425000 -1.425000 -1.425000 -1.425000 -1.425000 -1.425000 -1.425000 -1.425000 -1.425000 -1.425000 -1.425000 -1.425000 -1.425000 -1.425000 -1.425000 -1.425000 -1.425000 -1.425000 -1.425000 -1.425000 -1.425000 -1.425000 
-1.387500 -1.387500 -1.387500 -1.387500 -1.387500 -1.387500 -1.387500 -1.387500 -1.387500 -1.387500 -1.387500 -1.387500 -1.387500 -1.387500 -1.387500 -1.387500 -1.387500 -1.387500 -1.387500 -1.387500 -1.387500 -1.387500 -1.387500 -1.387500 -1.387500 -1.387500 -1.387500 -1.387500 -1.387500 -1.387500 -1.387500 -1.387500 -1.387500 -1.387500 -1.387500 -1.387500 -1.387500 -1.387500 -1.387500 -1.387500 -1.387500 -1.387500 -1.387500 -1.387500 -1.387500 -1.387500 -1.387500 -1.387500 -1.387500 -1.387500 -1.387500 -1.387500 -1.387500 -1.387500 -1.387500 -1.387500 -1.387500 -1.387500 -1.387500 -1.387500 -1.387500 -1.387500 -1.387500 -1.387500 -1.387500 -1.387500 -1.387500 -1.387500 -1.387500 -1.387500 -1.387500 -1.387500 -1.387500 -1.387500 -1.387500 -1.387500 -1.387500 -1.387500 -1.387500 -1.387500 -1.387500 
-1.350000 -1.350000 -1.350000 -1.350000 -1.350000 -1.350000 -1.350000 -1.350000 -1.350000 -1.350000 -1.350000 -1.350000 -1.350000 -1.350000 -1.350000 -1.350000 -1.350000 -1.350000 -1.350000 -1.350000 -1.350000 -1.350000 -1.350000 -1.350000 -1.350000 -1.350000 -1.350000 -1.350000 -1.350000 -1.350000 -1.350000 -1.350000 -1.350000 -1.350000 -1.350000 -1.350000 -1.350000 -1.350000 -1.350000 -1.350000 -1.350000 -1.350000 -1.350000 -1.350000 -1.350000 -1.350000 -1.350000 -1.350000 -1.350000 -1.350000 -1.350000 -1.350000 -1.350000 -1.350000 -1.350000 -1.350000 -1.350000 -1.350000 -1.350000 -1.350000 -1.350000 -1.350000 -1.350000 -1.350000 -1.350000 -1.350000 -1.350000 -1.350000 -1.350000 -1.350000 -1.350000 -1.350000 -1.350000 -1.350000 -1.350000 -1.350000 -1.350000 -1.350000 -1.350000 -1.350000 -1.350000 
-1.312500 -1.312500 -1.312500 -1.312500 -1.312500 -1.312500 -1.312500 -1.312500 -1.312500 -1.312500 -1.312500 -1.312500 -1.312500 -1.312500 -1.312500 -1.312500 -1.312500 -1.312500 -1.312500 -1.312500 -1.312500 -1.312500 -1.312500 -1.312500 -1.312500 -1.312500 -1.312500 -1.312500 -1.312500 -1.312500 -1.312500 -1.312500 -1.312500 -1.312500 -1.312500 -1.312500 -1.312500 -1.312500 -1.312500 -1.312500 -1.312500 -1.312500 -1.312500 -1.312500 -1.312500 -1.312500 -1.312500 -1.312500 -1.312500 -1.312500 -1.312500 -1.312500 -1.312500 -1.312500 -1.312500 -1.312500 -1.312500 -1.312500 -1.312500 -1.312500 -1.312500 -1.312500 -1.312500 -1.312500 -1.312500 -1.312500 -1.312500 -1.312500 -1.312500 -1.312500 -1.312500 -1.312500 -1.312500 -1.312500 -1.312500 -1.312500 -1.312500 -1.312500 -1.312500 -1.312500 -1.312500 
-1.275000 -1.275000 -1.275000 -1.275000 -1.275000 -1.275000 -1.275000 -1.275000 -1.275000 -1.275000 -1.275000 -1.275000 -1.275000 -1.275000 -1.275000 -1.275000 -1.275000 -1.275000 -1.275000 -1.275000 -1.275000 -1.275000 -1.275000 -1.275000 -1.275000 -1.275000 -1.275000 -1.275000 -1.275000 -1.275000 -1.275000 -1.275000 -1.275000 -1.275000 -1.275000 -1.275000 -1.275000 -1.275000 -1.275000 -1.275000 -1.275000 -1.275000 -1.275000 -1.275000 -1.275000 -1.275000 -1.275000 -1.275000 -1.275000 -1.275000 -1.275000 -1.275000 -1.275000 -1.275000 -1.275000 -1.275000 -1.275000 -1.275000 -1.275000 -1.275000 -1.275000 -1.275000 -1.275000 -1.275000 -1.275000 -1.275000 -1.275000 -1.275000 -1.275000 -1.275000 -1.275000 -1.275000 -1.275000 -1.275000 -1.275000 -1.275000 -1.275000 -1.275000 -1.275000 -1.275000 -1.275000 
-1.237500 -1.237500 -1.237500 -1.237500 -1.237500 -1.237500 -1.237500 -1.237500 -1.237500 -1.237500 -1.237500 -1.237500 -1.237500 -1.237500 -1.237500 -1.237500 -1.237500 -1.237500 -1.237500 -1.237500 -1.237500 -1.237500 -1.237500 -1.237500 -1.237500 -1.237500 -1.237500 -1.237500 -1.237500 -1.237500 -1.237500 -1.237500 -1.237500 -1.237500 -1.237500 -1.237500 -1.237500 -1.237500 -1.237500 -1.237500 -1.237500 -1.237500 -1.237500 -1.237500 -1.237500 -1.237500 -1.237500 -1.237500 -1.237500 -1.237500 -1.237500 -1.237500 -1.237500 -1.237500 -1.237500 -1.237500 -1.237500 -1.237500 -1.237500 -1.237500 -1.237500 -1.237500 -1.237500 -1.237500 -1.237500 -1.237500 -1.237500 -1.237500 -1.237500 -1.237500 -1.237500 -1.237500 -1.237500 -1.237500 -1.237500 -1.237500 -1.237500 -1.237500 -1.237500 -1.237500 -1.237500 
-1.200000 -1.200000 -1.200000 -1.200000 -1.200000 -1.200000 -1.200000 -1.200000 -1.200000 -1.200000 -1.200000 -1.200000 -1.200000 -1.200000 -1.200000 -1.200000 -1.200000 -1.200000 -1.200000 -1.200000 -1.200000 -1.200000 -1.200000 -1.200000 -1.200000 -1.200000 -1.200000 -1.200000 -1.200000 -1.200000 -1.200000 -1.200000 -1.200000 -1.200000 -1.200000 -1.200000 -1.200000 -1.200000 -1.200000 -1.200000 -1.200000 -1.200000 -1.200000 -1.200000 -1.200000 -1.200000 -1.200000 -1.200000 -1.200000 -1.200000 -1.200000 -1.200000 -1.200000 -1.200000 -1.200000 -1.200000 -1.200000 -1.200000 -1.200000 -1.200000 -1.200000 -1.200000 -1.200000 -1.200000 -1.200000 -1.200000 -1.200000 -1.200000 -1.200000 -1.200000 -1.200000 -1.200000 -1.200000 -1.200000 -1.200000 -1.200000 -1.200000 -1.200000 -1.200000 -1.200000 -1.200000 
-1.162500 -1.162500 -1.162500 -1.162500 -1.162500 -1.162500 -1.162500 -1.162500 -1.162500 -1.162500 -1.162500 -1.162500 -1.162500 -1.162500 -1.162500 -1.162500 -1.162500 -1.162500 -1.162500 -1.162500 -1.162500 -1.162500 -1.162500 -1.162500 -1.162500 -1.162500 -1.162500 -1.162500 -1.162500 -1.162500 -1.162500 -1.162500 -1.162500 -1.162500 -1.162500 -1.162500 -1.162500 -1.162500 -1.162500 -1.162500 -1.162500 -1.162500 -1.162500 -1.162500 -1.162500 -1.162500 -1.162500 -1.162500 -1.162500 -1.162500 -1.162500 -1.162500 -1.162500 -1.162500 -1.162500 -1.162500 -1.162500 -1.162500 -1.162500 -1.162500 -1.162500 -1.162500 -1.162500 -1.162500 -1.162500 -1.162500 -1.162500 -1.162500 -1.162500 -1.162500 -1.162500 -1.162500 -1.162500 -1.162500 -1.162500 -1.162500 -1.162500 -1.162500 -1.162500 -1.162500 -1.162500 
-1.125000 -1.125000 -1.125000 -1.125000 -1.125000 -1.125000 -1.125000 -1.125000 -1.125000 -1.125000 -1.125000 -1.125000 -1.125000 -1.125000 -1.125000 -1.125000 -1.125000 -1.125000 -1.125000 -1.125000 -1.125000 -1.125000 -1.125000 -1.125000 -1.125000 -1.125000 -1.125000 -1.125000 -1.125000 -1.125000 -1.125000 -1.125000 -1.125000 -1.125000 -1.125000 -1.125000 -1.125000 -1.125000 -1.125000 -1.125000 -1.125000 -1.125000 -1.125000 -1.125000 -1.125000 -1.125000 -1.125000 -1.125000 -1.125000 -1.125000 -1.125000 -1.125000 -1.125000 -1.125000 -1.125000 -1.125000 -1.125000 -1.125000 -1.125000 -1.125000 -1.125000 -1.125000 -1.125000 -1.125000 -1.125000 -1.125000 -1.125000 -1.125000 -1.125000 -1.125000 -1.125000 -1.125000 -1.125000 -1.125000 -1.125000 -1.125000 -1.125000 -1.125000 -1.125000 -1.125000 -1.125000 
-1.087500 -1.087500 -1.087500 -1.087500 -1.087500 -1.087500 -1.087500 -1.087500 -1.087500 -1.087500 -1.087500 -1.087500 -1.087500 -1.087500 -1.087500 -1.087500 -1.087500 -1.087500 -1.087500 -1.087500 -1.087500 -1.087500 -1.087500 -1.087500 -1.087500 -1.087500 -1.087500 -1.087500 -1.087500 -1.087500 -1.087500 -1.087500 -1.087500 -1.087500 -1.087500 -1.087500 -1.087500 -1.087500 -1.087500 -1.087500 -1.087500 -1.087500 -1.087500 -1.087500 -1.087500 -1.087500 -1.087500 -1.087500 -1.087500 -1.087500 -1.087500 -1.087500 -1.087500 -1.087500 -1.087500 -1.087500 -1.087500 -1.087500 -1.087500 -1.087500 -1.087500 -1.087500 -1.087500 -1.087500 -1.087500 -1.087500 -1.087500 -1.087500 -1.087500 -1.087500 -1.087500 -1.087500 -1.087500 -1.087500 -1.087500 -1.087500 -1.087500 -1.087500 -1.087500 -1.087500 -1.087500 
-1.050000 -1.050000 -1.050000 -1.050000 -1.050000 -1.050000 -1.050000 -1.050000 -1.050000 -1.050000 -1.050000 -1.050000 -1.050000 -1.050000 -1.050000 -1.050000 -1.050000 -1.050000 -1.050000 -1.050000 -1.050000 -1.050000 -1.050000 -1.050000 -1.050000 -1.050000 -1.050000 -1.050000 -1.050000 -1.050000 -1.050000 -1.050000 -1.050000 -1.050000 -1.050000 -1.050000 -1.050000 -1.050000 -1.050000 -1.050000 -1.050000 -1.050000 -1.050000 -1.050000 -1.050000 -1.050000 -1.050000 -1.050000 -1.050000 -1.050000 -1.050000 -1.050000 -1.050000 -1.050000 -1.050000 -1.050000 -1.050000 -1.050000 -1.050000 -1.050000 -1.050000 -1.050000 -1.050000 -1.050000 -1.050000 -1.050000 -1.050000 -1.050000 -1.050000 -1.050000 -1.050000 -1.050000 -1.050000 -1.050000 -1.050000 -1.050000 -1.050000 -1.050000 -1.050000 -1.050000 -1.050000 
-1.012500 -1.012500 -1.012500 -1.012500 -1.012500 -1.012500 -1.012500 -1.012500 -1.012500 -1.012500 -1.012500 -1.012500 -1.012500 -1.012500 -1.012500 -1.012500 -1.012500 -1.012500 -1.012500 -1.012500 -1.012500 -1.012500 -1.012500 -1.012500 -1.012500 -1.012500 -1.012500 -1.012500 -1.012500 -1.012500 -1.012500 -1.012500 -1.012500 -1.012500 -1.012500 -1.012500 -1.012500 -1.012500 -1.012500 -1.012500 -1.012500 -1.012500 -1.012500 -1.012500 -1.012500 -1.012500 -1.012500 -1.012500 -1.012500 -1.012500 -1.012500 -1.012500 -1.012500 -1.012500 -1.012500 -1.012500 -1.012500 -1.012500 -1.012500 -1.012500 -1.012500 -1.012500 -1.012500 -1.012500 -1.012500 -1.012500 -1.012500 -1.012500 -1.012500 -1.012500 -1.012500 -1.012500 -1.012500 -1.012500 -1.012500 -1.012500 -1.012500 -1.012500 -1.012500 -1.012500 -1.012500 
-0.975000 -0.975000 -0.975000 -0.975000 -0.975000 -0.975000 -0.975000 -0.975000 -0.975000 -0.975000 -0.975000 -0.975000 -0.975000 -0.975000 -0.975000 -0.975000 -0.975000 -0.975000 -0.975000 -0.975000 -0.975000 -0.975000 -0.975000 -0.975000 -0.975000 -0.975000 -0.975000 -0.975000 -0.975000 -0.975000 -0.975000 -0.975000 -0.975000 -0.975000 -0.975000 -0.975000 -0.975000 -0.975000 -0.975000 -0.975000 -0.975000 -0.975000 -0.975000 -0.975000 -0.975000 -0.975000 -0.975000 -0.975000 -0.975000 -0.975000 -0.975000 -0.975000 -0.975000 -0.975000 -0.975000 -0.975000 -0.975000 -0.975000 -0.975000 -0.975000 -0.975000 -0.975000 -0.975000 -0.975000 -0.975000 -0.975000 -0.975000 -0.975000 -0.975000 -0.975000 -0.975000 -0.975000 -0.975000 -0.975000 -0.975000 -0.975000 -0.975000 -0.975000 -0.975000 -0.975000 -0.975000 
-0.937500 -0.937500 -0.937500 -0.937500 -0.937500 -0.937500 -0.937500 -0.937500 -0.937500 -0.937500 -0.937500 -0.937500 -0.937500 -0.937500 -0.937500 -0.937500 -0.937500 -0.937500 -0.937500 -0.937500 -0.937500 -0.937500 -0.937500 -0.937500 -0.937500 -0.937500 -0.937500 -0.937500 -0.937500 -0.937500 -0.937500 -0.937500 -0.937500 -0.937500 -0.937500 -0.937500 -0.937500 -0.937500 -0.937500 -0.937500 -0.937500 -0.937500 -0.937500 -0.937500 -0.937500 -0.937500 -0.937500 -0.937500 -0.937500 -0.937500 -0.937500 -0.937500 -0.937500 -0.937500 -0.937500 -0.937500 -0.937500 -0.937500 -0.937500 -0.937500 -0.937500 -0.937500 -0.937500 -0.937500 -0.937500 -0.937500 -0.937500 -0.937500 -0.937500 -0.937500 -0.937500 -0.937500 -0.937500 -0.937500 -0.937500 -0.937500 -0.937500 -0.937500 -0.937500 -0.937500 -0.937500 
-0.900000 -0.900000 -0.900000 -0.900000 -0.900000 -0.900000 -0.900000 -0.900000 -0.900000 -0.900000 -0.900000 -0.900000 -0.900000 -0.900000 -0.900000 -0.900000 -0.900000 -0.900000 -0.900000 -0.900000 -0.900000 -0.900000 -0.900000 -0.900000 -0.900000 -0.900000 -0.900000 -0.900000 -0.900000 -0.900000 -0.900000 -0.900000 -0.900000 -0.900000 -0.900000 -0.900000 -0.900000 -0.900000 -0.900000 -0.900000 -0.900000 -0.900000 -0.900000 -0.900000 -0.900000 -0.900000 -0.900000 -0.900000 -0.900000 -0.900000 -0.900000 -0.900000 -0.900000 -0.900000 -0.900000 -0.900000 -0.900000 -0.900000 -0.900000 -0.900000 -0.900000 -0.900000 -0.900000 -0.900000 -0.900000 -0.900000 -0.900000 -0.900000 -0.900000 -0.900000 -0.900000 -0.900000 -0.900000 -0.900000 -0.900000 -0.900000 -0.900000 -0.900000 -0.900000 -0.900000 -0.900000 
-0.862500 -0.862500 -0.862500 -0.862500 -0.862500 -0.862500 -0.862500 -0.862500 -0.862500 -0.862500 -0.862500 -0.862500 -0.862500 -0.862500 -0.862500 -0.862500 -0.862500 -0.862500 -0.862500 -0.862500 -0.862500 -0.862500 -0.862500 -0.862500 -0.862500 -0.862500 -0.862500 -0.862500 -0.862500 -0.862500 -0.862500 -0.862500 -0.862500 -0.862500 -0.862500 -0.862500 -0.862500 -0.862500 -0.862500 -0.862500 -0.862500 -0.862500 -0.862500 -0.862500 -0.862500 -0.862500 -0.862500 -0.862500 -0.862500 -0.862500 -0.862500 -0.862500 -0.862500 -0.862500 -0.862500 -0.862500 -0.862500 -0.862500 -0.862500 -0.862500 -0.862500 -0.862500 -0.862500 -0.862500 -0.862500 -0.862500 -0.862500 -0.862500 -0.862500 -0.862500 -0.862500 -0.862500 -0.862500 -0.862500 -0.862500 -0.862500 -0.862500 -0.862500 -0.862500 -0.862500 -0.862500 
-0.825000 -0.825000 -0.825000 -0.825000 -0.825000 -0.825000 -0.825000 -0.825000 -0.825000 -0.825000 -0.825000 -0.825000 -0.825000 -0.825000 -0.825000 -0.825000 -0.825000 -0.825000 -0.825000 -0.825000 -0.825000 -0.825000 -0.825000 -0.825000 -0.825000 -0.825000 -0.825000 -0.825000 -0.825000 -0.825000 -0.825000 -0.825000 -0.825000 -0.825000 -0.825000 -0.825000 -0.825000 -0.825000 -0.825000 -0.825000 -0.825000 -0.825000 -0.825000 -0.825000 -0.825000 -0.825000 -0.825000 -0.825000 -0.825000 -0.825000 -0.825000 -0.825000 -0.825000 -0.825000 -0.825000 -0.825000 -0.825000 -0.825000 -0.825000 -0.825000 -0.825000 -0.825000 -0.825000 -0.825000 -0.825000 -0.825000 -0.825000 -0.825000 -0.825000 -0.825000 -0.825000 -0.825000 -0.825000 -0.825000 -0.825000 -0.825000 -0.825000 -0.825000 -0.825000 -0.825000 -0.825000 
-0.787500 -0.787500 -0.787500 -0.787500 -0.787500 -0.787500 -0.787500 -0.787500 -0.787500 -0.787500 -0.787500 -0.787500 -0.787500 -0.787500 -0.787500 -0.787500 -0.787500 -0.787500 -0.787500 -0.787500 -0.787500 -0.787500 -0.787500 -0.787500 -0.787500 -0.787500 -0.787500 -0.787500 -0.787500 -0.787500 -0.787500 -0.787500 -0.787500 -0.787500 -0.787500 -0.787500 -0.787500 -0.787500 -0.787500 -0.787500 -0.787500 -0.787500 -0.787500 -0.787500 -0.787500 -0.787500 -0.787500 -0.787500 -0.787500 -0.787500 -0.787500 -0.787500 -0.787500 -0.787500 -0.787500 -0.787500 -0.787500 -0.787500 -0.787500 -0.787500 -0.787500 -0.787500 -0.787500 -0.787500 -0.787500 -0.787500 -0.787500 -0.787500 -0.787500 -0.787500 -0.787500 -0.787500 -0.787500 -0.787500 -0.787500 -0.787500 -0.787500 -0.787500 -0.787500 -0.787500 -0.787500 
-0.750000 -0.750000 -0.750000 -0.750000 -0.750000 -0.750000 -0.750000 -0.750000 -0.750000 -0.750000 -0.750000 -0.750000 -0.750000 -0.750000 -0.750000 -0.750000 -0.750000 -0.750000 -0.750000 -0.750000 -0.750000 -0.750000 -0.750000 -0.750000 -0.750000 -0.750000 -0.750000 -0.750000 -0.750000 -0.750000 -0.750000 -0.750000 -0.750000 -0.750000 -0.750000 -0.750000 -0.750000 -0.750000 -0.750000 -0.750000 -0.750000 -0.750000 -0.750000 -0.750000 -0.750000 -0.750000 -0.750000 -0.750000 -0.750000 -0.750000 -0.750000 -0.750000 -0.750000 -0.750000 -0.750000 -0.750000 -0.750000 -0.750000 -0.750000 -0.750000 -0.750000 -0.750000 -0.750000 -0.750000 -0.750000 -0.750000 -0.750000 -0.750000 -0.750000 -0.750000 -0.750000 -0.750000 -0.750000 -0.750000 -0.750000 -0.750000 -0.750000 -0.750000 -0.750000 -0.750000 -0.750000 
-0.712500 -0.712500 -0.712500 -0.712500 -0.712500 -0.712500 -0.712500 -0.712500 -0.712500 -0.712500 -0.712500 -0.712500 -0.712500 -0.712500 -0.712500 -0.712500 -0.712500 -0.712500 -0.712500 -0.712500 -0.712500 -0.712500 -0.712500 -0.712500 -0.712500 -0.712500 -0.712500 -0.712500 -0.712500 -0.712500 -0.712500 -0.712500 -0.712500 -0.712500 -0.712500 -0.712500 -0.712500 -0.712500 -0.712500 -0.712500 -0.712500 -0.712500 -0.712500 -0.712500 -0.712500 -0.712500 -0.712500 -0.712500 -0.712500 -0.712500 -0.712500 -0.712500 -0.712500 -0.712500 -0.712500 -0.712500 -0.712500 -0.712500 -0.712500 -0.712500 -0.712500 -0.712500 -0.712500 -0.712500 -0.712500 -0.712500 -0.712500 -0.712500 -0.712500 -0.712500 -0.712500 -0.712500 -0.712500 -0.712500 -0.712500 -0.712500 -0.712500 -0.712500 -0.712500 -0.712500 -0.712500 
-0.675000 -0.675000 -0.675000 -0.675000 -0.675000 -0.675000 -0.675000 -0.675000 -0.675000 -0.675000 -0.675000 -0.675000 -0.675000 -0.675000 -0.675000 -0.675000 -0.675000 -0.675000 -0.675000 -0.675000 -0.675000 -0.675000 -0.675000 -0.675000 -0.675000 -0.675000 -0.675000 -0.675000 -0.675000 -0.675000 -0.675000 -0.675000 -0.675000 -0.675000 -0.675000 -0.675000 -0.675000 -0.675000 -0.675000 -0.675000 -0.675000 -0.675000 -0.675000 -0.675000 -0.675000 -0.675000 -0.675000 -0.675000 -0.675000 -0.675000 -0.675000 -0.675000 -0.675000 -0.675000 -0.675000 -0.675000 -0.675000 -0.675000 -0.675000 -0.675000 -0.675000 -0.675000 -0.675000 -0.675000 -0.675000 -0.675000 -0.675000 -0.675000 -0.675000 -0.675000 -0.675000 -0.675000 -0.675000 -0.675000 -0.675000 -0.675000 -0.675000 -0.675000 -0.675000 -0.675000 -0.675000 
-0.637500 -0.637500 -0.637500 -0.637500 -0.637500 -0.637500 -0.637500 -0.637500 -0.637500 -0.637500 -0.637500 -0.637500 -0.637500 -0.637500 -0.637500 -0.637500 -0.637500 -0.637500 -0.637500 -0.637500 -0.637500 -0.637500 -0.637500 -0.637500 -0.637500 -0.637500 -0.637500 -0.637500 -0.637500 -0.637500 -0.637500 -0.637500 -0.637500 -0.637500 -0.637500 -0.637500 -0.637500 -0.637500 -0.637500 -0.637500 -0.637500 -0.637500 -0.637500 -0.637500 -0.637500 -0.637500 -0.637500 -0.637500 -0.637500 -0.637500 -0.637500 -0.637500 -0.637500 -0.637500 -0.637500 -0.637500 -0.637500 -0.637500 -0.637500 -0.637500 -0.637500 -0.637500 -0.637500 -0.637500 -0.637500 -0.637500 -0.637500 -0.637500 -0.637500 -0.637500 -0.637500 -0.637500 -0.637500 -0.637500 -0.637500 -0.637500 -0.637500 -0.637500 -0.637500 -0.637500 -0.637500 
-0.600000 -0.600000 -0.600000 -0.600000 -0.600000 -0.600000 -0.600000 -0.600000 -0.600000 -0.600000 -0.600000 -0.600000 -0.600000 -0.600000 -0.600000 -0.600000 -0.600000 -0.600000 -0.600000 -0.600000 -0.600000 -0.600000 -0.600000 -0.600000 -0.600000 -0.600000 -0.600000 -0.600000 -0.600000 -0.600000 -0.600000 -0.600000 -0.600000 -0.600000 -0.600000 -0.600000 -0.600000 -0.600000 -0.600000 -0.600000 -0.600000 -0.600000 -0.600000 -0.600000 -0.600000 -0.600000 -0.600000 -0.600000 -0.600000 -0.600000 -0.600000 -0.600000 -0.600000 -0.600000 -0.600000 -0.600000 -0.600000 -0.600000 -0.600000 -0.600000 -0.600000 -0.600000 -0.600000 -0.600000 -0.600000 -0.600000 -0.600000 -0.600000 -0.600000 -0.600000 -0.600000 -0.600000 -0.600000 -0.600000 -0.600000 -0.600000 -0.600000 -0.600000 -0.600000 -0.600000 -0.600000 
-0.562500 -0.562500 -0.562500 -0.562500 -0.562500 -0.562500 -0.562500 -0.562500 -0.562500 -0.562500 -0.562500 -0.562500 -0.562500 -0.562500 -0.562500 -0.562500 -0.562500 -0.562500 -0.562500 -0.562500 -0.562500 -0.562500 -0.562500 -0.562500 -0.562500 -0.562500 -0.562500 -0.562500 -0.562500 -0.562500 -0.562500 -0.562500 -0.562500 -0.562500 -0.562500 -0.562500 -0.562500 -0.562500 -0.562500 -0.562500 -0.562500 -0.562500 -0.562500 -0.562500 -0.562500 -0.562500 -0.562500 -0.562500 -0.562500 -0.562500 -0.562500 -0.562500 -0.562500 -0.562500 -0.562500 -0.562500 -0.562500 -0.562500 -0.562500 -0.562500 -0.562500 -0.562500 -0.562500 -0.562500 -0.562500 -0.562500 -0.562500 -0.562500 -0.562500 -0.562500 -0.562500 -0.562500 -0.562500 -0.562500 -0.562500 -0.562500 -0.562500 -0.562500 -0.562500 -0.562500 -0.562500 
-0.525000 -0.525000 -0.525000 -0.525000 -0.525000 -0.525000 -0.525000 -0.525000 -0.525000 -0.525000 -0.525000 -0.525000 -0.525000 -0.525000 -0.525000 -0.525000 -0.525000 -0.525000 -0.525000 -0.525000 -0.525000 -0.525000 -0.525000 -0.525000 -0.525000 -0.525000 -0.525000 -0.525000 -0.525000 -0.525000 -0.525000 -0.525000 -0.525000 -0.525000 -0.525000 -0.525000 -0.525000 -0.525000 -0.525000 -0.525000 -0.525000 -0.525000 -0.525000 -0.525000 -0.525000 -0.525000 -0.525000 -0.525000 -0.525000 -0.525000 -0.525000 -0.525000 -0.525000 -0.525000 -0.525000 -0.525000 -0.525000 -0.525000 -0.525000 -0.525000 -0.525000 -0.525000 -0.525000 -0.525000 -0.525000 -0.525000 -0.525000 -0.525000 -0.525000 -0.525000 -0.525000 -0.525000 -0.525000 -0.525000 -0.525000 -0.525000 -0.525000 -0.525000 -0.525000 -0.525000 -0.525000 
-0.487500 -0.487500 -0.487500 -0.487500 -0.487500 -0.487500 -0.487500 -0.487500 -0.487500 -0.487500 -0.487500 -0.487500 -0.487500 -0.487500 -0.487500 -0.487500 -0.487500 -0.487500 -0.487500 -0.487500 -0.487500 -0.487500 -0.487500 -0.487500 -0.487500 -0.487500 -0.487500 -0.487500 -0.487500 -0.487500 -0.487500 -0.487500 -0.487500 -0.487500 -0.487500 -0.487500 -0.487500 -0.487500 -0.487500 -0.487500 -0.487500 -0.487500 -0.487500 -0.487500 -0.487500 -0.487500 -0.487500 -0.487500 -0.487500 -0.487500 -0.487500 -0.487500 -0.487500 -0.487500 -0.487500 -0.487500 -0.487500 -0.487500 -0.487500 -0.487500 -0.487500 -0.487500 -0.487500 -0.487500 -0.487500 -0.487500 -0.487500 -0.487500 -0.487500 -0.487500 -0.487500 -0.487500 -0.487500 -0.487500 -0.487500 -0.487500 -0.487500 -0.487500 -0.487500 -0.487500 -0.487500 
-0.450000 -0.450000 -0.450000 -0.450000 -0.450000 -0.450000 -0.450000 -0.450000 -0.450000 -0.450000 -0.450000 -0.450000 -0.450000 -0.450000 -0.450000 -0.450000 -0.450000 -0.450000 -0.450000 -0.450000 -0.450000 -0.450000 -0.450000 -0.450000 -0.450000 -0.450000 -0.450000 -0.450000 -0.450000 -0.450000 -0.450000 -0.450000 -0.450000 -0.450000 -0.450000 -0.450000 -0.450000 -0.450000 -0.450000 -0.450000 -0.450000 -0.450000 -0.450000 -0.450000 -0.450000 -0.450000 -0.450000 -0.450000 -0.450000 -0.450000 -0.450000 -0.450000 -0.450000 -0.450000 -0.450000 -0.450000 -0.450000 -0.450000 -0.450000 -0.450000 -0.450000 -0.450000 -0.450000 -0.450000 -0.450000 -0.450000 -0.450000 -0.450000 -0.450000 -0.450000 -0.450000 -0.450000 -0.450000 -0.450000 -0.450000 -0.450000 -0.450000 -0.450000 -0.450000 -0.450000 -0.450000 
-0.412500 -0.412500 -0.412500 -0.412500 -0.412500 -0.412500 -0.412500 -0.412500 -0.412500 -0.412500 -0.412500 -0.412500 -0.412500 -0.412500 -0.412500 -0.412500 -0.412500 -0.412500 -0.412500 -0.412500 -0.412500 -0.412500 -0.412500 -0.412500 -0.412500 -0.412500 -0.412500 -0.412500 -0.412500 -0.412500 -0.412500 -0.412500 -0.412500 -0.412500 -0.412500 -0.412500 -0.412500 -0.412500 -0.412500 -0.412500 -0.412500 -0.412500 -0.412500 -0.412500 -0.412500 -0.412500 -0.412500 -0.412500 -0.412500 -0.412500 -0.412500 -0.412500 -0.412500 -0.412500 -0.412500 -0.412500 -0.412500 -0.412500 -0.412500 -0.412500 -0.412500 -0.412500 -0.412500 -0.412500 -0.412500 -0.412500 -0.412500 -0.412500 -0.412500 -0.412500 -0.412500 -0.412500 -0.412500 -0.412500 -0.412500 -0.412500 -0.412500 -0.412500 -0.412500 -0.412500 -0.412500 
-0.375000 -0.375000 -0.375000 -0.375000 -0.375000 -0.375000 -0.375000 -0.375000 -0.375000 -0.375000 -0.375000 -0.375000 -0.375000 -0.375000 -0.375000 -0.375000 -0.375000 -0.375000 -0.375000 -0.375000 -0.375000 -0.375000 -0.375000 -0.375000 -0.375000 -0.375000 -0.375000 -0.375000 -0.375000 -0.375000 -0.375000 -0.375000 -0.375000 -0.375000 -0.375000 -0.375000 -0.375000 -0.375000 -0.375000 -0.375000 -0.375000 -0.375000 -0.375000 -0.375000 -0.375000 -0.375000 -0.375000 -0.375000 -0.375000 -0.375000 -0.375000 -0.375000 -0.375000 -0.375000 -0.375000 -0.375000 -0.375000 -0.375000 -0.375000 -0.375000 -0.375000 -0.375000 -0.375000 -0.375000 -0.375000 -0.375000 -0.375000 -0.375000 -0.375000 -0.375000 -0.375000 -0.375000 -0.375000 -0.375000 -0.375000 -0.375000 -0.375000 -0.375000 -0.375000 -0.375000 -0.375000 
-0.337500 -0.337500 -0.337500 -0.337500 -0.337500 -0.337500 -0.337500 -0.337500 -0.337500 -0.337500 -0.337500 -0.337500 -0.337500 -0.337500 -0.337500 -0.337500 -0.337500 -0.337500 -0.337500 -0.337500 -0.337500 -0.337500 -0.337500 -0.337500 -0.337500 -0.337500 -0.337500 -0.337500 -0.337500 -0.337500 -0.337500 -0.337500 -0.337500 -0.337500 -0.337500 -0.337500 -0.337500 -0.337500 -0.337500 -0.337500 -0.337500 -0.337500 -0.337500 -0.337500 -0.337500 -0.337500 -0.337500 -0.337500 -0.337500 -0.337500 -0.337500 -0.337500 -0.337500 -0.337500 -0.337500 -0.337500 -0.337500 -0.337500 -0.337500 -0.337500 -0.337500 -0.337500 -0.337500 -0.337500 -0.337500 -0.337500 -0.337500 -0.337500 -0.337500 -0.337500 -0.337500 -0.337500 -0.337500 -0.337500 -0.337500 -0.337500 -0.337500 -0.337500 -0.337500 -0.337500 -0.337500 
-0.300000 -0.300000 -0.300000 -0.300000 -0.300000 -0.300000 -0.300000 -0.300000 -0.300000 -0.300000 -0.300000 -0.300000 -0.300000 -0.300000 -0.300000 -0.300000 -0.300000 -0.300000 -0.300000 -0.300000 -0.300000 -0.300000 -0.300000 -0.300000 -0.300000 -0.300000 -0.300000 -0.300000 -0.300000 -0.300000 -0.300000 -0.300000 -0.300000 -0.300000 -0.300000 -0.300000 -0.300000 -0.300000 -0.300000 -0.300000 -0.300000 -0.300000 -0.300000 -0.300000 -0.300000 -0.300000 -0.300000 -0.300000 -0.300000 -0.300000 -0.300000 -0.300000 -0.300000 -0.300000 -0.300000 -0.300000 -0.300000 -0.300000 -0.300000 -0.300000 -0.300000 -0.300000 -0.300000 -0.300000 -0.300000 -0.300000 -0.300000 -0.300000 -0.300000 -0.300000 -0.300000 -0.300000 -0.300000 -0.300000 -0.300000 -0.300000 -0.300000 -0.300000 -0.300000 -0.300000 -0.300000 
-0.262500 -0.262500 -0.262500 -0.262500 -0.262500 -0.262500 -0.262500 -0.262500 -0.262500 -0.262500 -0.262500 -0.262500 -0.262500 -0.262500 -0.262500 -0.262500 -0.262500 -0.262500 -0.262500 -0.262500 -0.262500 -0.262500 -0.262500 -0.262500 -0.262500 -0.262500 -0.262500 -0.262500 -0.262500 -0.262500 -0.262500 -0.262500 -0.262500 -0.262500 -0.262500 -0.262500 -0.262500 -0.262500 -0.262500 -0.262500 -0.262500 -0.262500 -0.262500 -0.262500 -0.262500 -0.262500 -0.262500 -0.262500 -0.262500 -0.262500 -0.262500 -0.262500 -0.262500 -0.262500 -0.262500 -0.262500 -0.262500 -0.262500 -0.262500 -0.262500 -0.262500 -0.262500 -0.262500 -0.262500 -0.262500 -0.262500 -0.262500 -0.262500 -0.262500 -0.262500 -0.262500 -0.262500 -0.262500 -0.262500 -0.262500 -0.262500 -0.262500 -0.262500 -0.262500 -0.262500 -0.262500 
-0.225000 -0.225000 -0.225000 -0.225000 -0.225000 -0.225000 -0.225000 -0.225000 -0.225000 -0.225000 -0.225000 -0.225000 -0.225000 -0.225000 -0.225000 -0.225000 -0.225000 -0.225000 -0.225000 -0.225000 -0.225000 -0.225000 -0.225000 -0.225000 -0.225000 -0.225000 -0.225000 -0.225000 -0.225000 -0.225000 -0.225000 -0.225000 -0.225000 -0.225000 -0.225000 -0.225000 -0.225000 -0.225000 -0.225000 -0.225000 -0.225000 -0.225000 -0.225000 -0.225000 -0.225000 -0.225000 -0.225000 -0.225000 -0.225000 -0.225000 -0.225000 -0.225000 -0.225000 -0.225000 -0.225000 -0.225000 -0.225000 -0.225000 -0.225000 -0.225000 -0.225000 -0.225000 -0.225000 -0.225000 -0.225000 -0.225000 -0.225000 -0.225000 -0.225000 -0.225000 -0.225000 -0.225000 -0.225000 -0.225000 -0.225000 -0.225000 -0.225000 -0.225000 -0.225000 -0.225000 -0.225000 
-0.187500 -0.187500 -0.187500 -0.187500 -0.187500 -0.187500 -0.187500 -0.187500 -0.187500 -0.187500 -0.187500 -0.187500 -0.187500 -0.187500 -0.187500 -0.187500 -0.187500 -0.187500 -0.187500 -0.187500 -0.187500 -0.187500 -0.187500 -0.187500 -0.187500 -0.187500 -0.187500 -0.187500 -0.187500 -0.187500 -0.187500 -0.187500 -0.187500 -0.187500 -0.187500 -0.187500 -0.187500 -0.187500 -0.187500 -0.187500 -0.187500 -0.187500 -0.187500 -0.187500 -0.187500 -0.187500 -0.187500 -0.187500 -0.187500 -0.187500 -0.187500 -0.187500 -0.187500 -0.187500 -0.187500 -0.187500 -0.187500 -0.187500 -0.187500 -0.187500 -0.187500 -0.187500 -0.187500 -0.187500 -0.187500 -0.187500 -0.187500 -0.187500 -0.187500 -0.187500 -0.187500 -0.187500 -0.187500 -0.187500 -0.187500 -0.187500 -0.187500 -0.187500 -0.187500 -0.187500 -0.187500 
-0.150000 -0.150000 -0.150000 -0.150000 -0.150000 -0.150000 -0.150000 -0.150000 -0.150000 -0.150000 -0.150000 -0.150000 -0.150000 -0.150000 -0.150000 -0.150000 -0.150000 -0.150000 -0.150000 -0.150000 -0.150000 -0.150000 -0.150000 -0.150000 -0.150000 -0.150000 -0.150000 -0.150000 -0.150000 -0.150000 -0.150000 -0.150000 -0.150000 -0.150000 -0.150000 -0.150000 -0.150000 -0.150000 -0.150000 -0.150000 -0.150000 -0.150000 -0.150000 -0.150000 -0.150000 -0.150000 -0.150000 -0.150000 -0.150000 -0.150000 -0.150000 -0.150000 -0.150000 -0.150000 -0.150000 -0.150000 -0.150000 -0.150000 -0.150000 -0.150000 -0.150000 -0.150000 -0.150000 -0.150000 -0.150000 -0.150000 -0.150000 -0.150000 -0.150000 -0.150000 -0.150000 -0.150000 -0.150000 -0.150000 -0.150000 -0.150000 -0.150000 -0.150000 -0.150000 -0.150000 -0.150000 
-0.112500 -0.112500 -0.112500 -0.112500 -0.112500 -0.112500 -0.112500 -0.112500 -0.112500 -0.112500 -0.112500 -0.112500 -0.112500 -0.112500 -0.112500 -0.112500 -0.112500 -0.112500 -0.112500 -0.112500 -0.112500 -0.112500 -0.112500 -0.112500 -0.112500 -0.112500 -0.112500 -0.112500 -0.112500 -0.112500 -0.112500 -0.112500 -0.112500 -0.112500 -0.112500 -0.112500 -0.112500 -0.112500 -0.112500 -0.112500 -0.112500 -0.112500 -0.112500 -0.112500 -0.112500 -0.112500 -0.112500 -0.112500 -0.112500 -0.112500 -0.112500 -0.112500 -0.112500 -0.112500 -0.112500 -0.112500 -0.112500 -0.112500 -0.112500 -0.112500 -0.112500 -0.112500 -0.112500 -0.112500 -0.112500 -0.112500 -0.112500 -0.112500 -0.112500 -0.112500 -0.112500 -0.112500 -0.112500 -0.112500 -0.112500 -0.112500 -0.112500 -0.112500 -0.112500 -0.112500 -0.112500 
-0.075000 -0.075000 -0.075000 -0.075000 -0.075000 -0.075000 -0.075000 -0.075000 -0.075000 -0.075000 -0.075000 -0.075000 -0.075000 -0.075000 -0.075000 -0.075000 -0.075000 -0.075000 -0.075000 -0.075000 -0.075000 -0.075000 -0.075000 -0.075000 -0.075000 -0.075000 -0.075000 -0.075000 -0.075000 -0.075000 -0.075000 -0.075000 -0.075000 -0.075000 -0.075000 -0.075000 -0.075000 -0.075000 -0.075000 -0.075000 -0.075000 -0.075000 -0.075000 -0.075000 -0.075000 -0.075000 -0.075000 -0.075000 -0.075000 -0.075000 -0.075000 -0.075000 -0.075000 -0.075000 -0.075000 -0.075000 -0.075000 -0.075000 -0.075000 -0.075000 -0.075000 -0.075000 -0.075000 -0.075000 -0.075000 -0.075000 -0.075000 -0.075000 -0.075000 -0.075000 -0.075000 -0.075000 -0.075000 -0.075000 -0.075000 -0.075000 -0.075000 -0.075000 -0.075000 -0.075000 -0.075000 
-0.037500 -0.037500 -0.037500 -0.037500 -0.037500 -0.037500 -0.037500 -0.037500 -0.037500 -0.037500 -0.037500 -0.037500 -0.037500 -0.037500 -0.037500 -0.037500 -0.037500 -0.037500 -0.037500 -0.037500 -0.037500 -0.037500 -0.037500 -0.037500 -0.037500 -0.037500 -0.037500 -0.037500 -0.037500 -0.037500 -0.037500 -0.037500 -0.037500 -0.037500 -0.037500 -0.037500 -0.037500 -0.037500 -0.037500 -0.037500 -0.037500 -0.037500 -0.037500 -0.037500 -0.037500 -0.037500 -0.037500 -0.037500 -0.037500 -0.037500 -0.037500 -0.037500 -0.037500 -0.037500 -0.037500 -0.037500 -0.037500 -0.037500 -0.037500 -0.037500 -0.037500 -0.037500 -0.037500 -0.037500 -0.037500 -0.037500 -0.037500 -0.037500 -0.037500 -0.037500 -0.037500 -0.037500 -0.037500 -0.037500 -0.037500 -0.037500 -0.037500 -0.037500 -0.037500 -0.037500 -0.037500 
0.000000 0.000000 0.000000 0.000000 0.000000 0.000000 0.000000 0.000000 0.000000 0.000000 0.000000 0.000000 0.000000 0.000000 0.000000 0.000000 0.000000 0.000000 0.000000 0.000000 0.000000 0.000000 0.000000 0.000000 0.000000 0.000000 0.000000 0.000000 0.000000 0.000000 0.000000 0.000000 0.000000 0.000000 0.000000 0.000000 0.000000 0.000000 0.000000 0.000000 0.000000 0.000000 0.000000 0.000000 0.000000 0.000000 0.000000 0.000000 0.000000 0.000000 0.000000 0.000000 0.000000 0.000000 0.000000 0.000000 0.000000 0.000000 0.000000 0.000000 0.000000 0.000000 0.000000 0.000000 0.000000 0.000000 0.000000 0.000000 0.000000 0.000000 0.000000 0.000000 0.000000 0.000000 0.000000 0.000000 0.000000 0.000000 0.000000 0.000000 0.000000 
0.037500 0.037500 0.037500 0.037500 0.037500 0.037500 0.037500 0.037500 0.037500 0.037500 0.037500 0.037500 0.037500 0.037500 0.037500 0.037500 0.037500 0.037500 0.037500 0.037500 0.037500 0.037500 0.037500 0.037500 0.037500 0.037500 0.037500 0.037500 0.037500 0.037500 0.037500 0.037500 0.037500 0.037500 0.037500 0.037500 0.037500 0.037500 0.037500 0.037500 0.037500 0.037500 0.037500 0.037500 0.037500 0.037500 0.037500 0.037500 0.037500 0.037500 0.037500 0.037500 0.037500 0.037500 0.037500 0.037500 0.037500 0.037500 0.037500 0.037500 0.037500 0.037500 0.037500 0.037500 0.037500 0.037500 0.037500 0.037500 0.037500 0.037500 0.037500 0.037500 0.037500 0.037500 0.037500 0.037500 0.037500 0.037500 0.037500 0.037500 0.037500 
0.075000 0.075000 0.075000 0.075000 0.075000 0.075000 0.075000 0.075000 0.075000 0.075000 0.075000 0.075000 0.075000 0.075000 0.075000 0.075000 0.075000 0.075000 0.075000 0.075000 0.075000 0.075000 0.075000 0.075000 0.075000 0.075000 0.075000 0.075000 0.075000 0.075000 0.075000 0.075000 0.075000 0.075000 0.075000 0.075000 0.075000 0.075000 0.075000 0.075000 0.075000 0.075000 0.075000 0.075000 0.075000 0.075000 0.075000 0.075000 0.075000 0.075000 0.075000 0.075000 0.075000 0.075000 0.075000 0.075000 0.075000 0.075000 0.075000 0.075000 0.075000 0.075000 0.075000 0.075000 0.075000 0.075000 0.075000 0.075000 0.075000 0.075000 0.075000 0.075000 0.075000 0.075000 0.075000 0.075000 0.075000 0.075000 0.075000 0.075000 0.075000 
0.112500 0.112500 0.112500 0.112500 0.112500 0.112500 0.112500 0.112500 0.112500 0.112500 0.112500 0.112500 0.112500 0.112500 0.112500 0.112500 0.112500 0.112500 0.112500 0.112500 0.112500 0.112500 0.112500 0.112500 0.112500 0.112500 0.112500 0.112500 0.112500 0.112500 0.112500 0.112500 0.112500 0.112500 0.112500 0.112500 0.112500 0.112500 0.112500 0.112500 0.112500 0.112500 0.112500 0.112500 0.112500 0.112500 0.112500 0.112500 0.112500 0.112500 0.112500 0.112500 0.112500 0.112500 0.112500 0.112500 0.112500 0.112500 0.112500 0.112500 0.112500 0.112500 0.112500 0.112500 0.112500 0.112500 0.112500 0.112500 0.112500 0.112500 0.112500 0.112500 0.112500 0.112500 0.112500 0.112500 0.112500 0.112500 0.112500 0.112500 0.112500 
0.150000 0.150000 0.150000 0.150000 0.150000 0.150000 0.150000 0.150000 0.150000 0.150000 0.150000 0.150000 0.150000 0.150000 0.150000 0.150000 0.150000 0.150000 0.150000 0.150000 0.150000 0.150000 0.150000 0.150000 0.150000 0.150000 0.150000 0.150000 0.150000 0.150000 0.150000 0.150000 0.150000 0.150000 0.150000 0.150000 0.150000 0.150000 0.150000 0.150000 0.150000 0.150000 0.150000 0.150000 0.150000 0.150000 0.150000 0.150000 0.150000 0.150000 0.150000 0.150000 0.150000 0.150000 0.150000 0.150000 0.150000 0.150000 0.150000 0.150000 0.150000 0.150000 0.150000 0.150000 0.150000 0.150000 0.150000 0.150000 0.150000 0.150000 0.150000 0.150000 0.150000 0.150000 0.150000 0.150000 0.150000 0.150000 0.150000 0.150000 0.150000 
0.187500 0.187500 0.187500 0.187500 0.187500 0.187500 0.187500 0.187500 0.187500 0.187500 0.187500 0.187500 0.187500 0.187500 0.187500 0.187500 0.187500 0.187500 0.187500 0.187500 0.187500 0.187500 0.187500 0.187500 0.187500 0.187500 0.187500 0.187500 0.187500 0.187500 0.187500 0.187500 0.187500 0.187500 0.187500 0.187500 0.187500 0.187500 0.187500 0.187500 0.187500 0.187500 0.187500 0.187500 0.187500 0.187500 0.187500 0.187500 0.187500 0.187500 0.187500 0.187500 0.187500 0.187500 0.187500 0.187500 0.187500 0.187500 0.187500 0.187500 0.187500 0.187500 0.187500 0.187500 0.187500 0.187500 0.187500 0.187500 0.187500 0.187500 0.187500 0.187500 0.187500 0.187500 0.187500 0.187500 0.187500 0.187500 0.187500 0.187500 0.187500 
0.225000 0.225000 0.225000 0.225000 0.225000 0.225000 0.225000 0.225000 0.225000 0.225000 0.225000 0.225000 0.225000 0.225000 0.225000 0.225000 0.225000 0.225000 0.225000 0.225000 0.225000 0.225000 0.225000 0.225000 0.225000 0.225000 0.225000 0.225000 0.225000 0.225000 0.225000 0.225000 0.225000 0.225000 0.225000 0.225000 0.225000 0.225000 0.225000 0.225000 0.225000 0.225000 0.225000 0.225000 0.225000 0.225000 0.225000 0.225000 0.225000 0.225000 0.225000 0.225000 0.225000 0.225000 0.225000 0.225000 0.225000 0.225000 0.225000 0.225000 0.225000 0.225000 0.225000 0.225000 0.225000 0.225000 0.225000 0.225000 0.225000 0.225000 0.225000 0.225000 0.225000 0.225000 0.225000 0.225000 0.225000 0.225000 0.225000 0.225000 0.225000 
0.262500 0.262500 0.262500 0.262500 0.262500 0.262500 0.262500 0.262500 0.262500 0.262500 0.262500 0.262500 0.262500 0.262500 0.262500 0.262500 0.262500 0.262500 0.262500 0.262500 0.262500 0.262500 0.262500 0.262500 0.262500 0.262500 0.262500 0.262500 0.262500 0.262500 0.262500 0.262500 0.262500 0.262500 0.262500 0.262500 0.262500 0.262500 0.262500 0.262500 0.262500 0.262500 0.262500 0.262500 0.262500 0.262500 0.262500 0.262500 0.262500 0.262500 0.262500 0.262500 0.262500 0.262500 0.262500 0.262500 0.262500 0.262500 0.262500 0.262500 0.262500 0.262500 0.262500 0.262500 0.262500 0.262500 0.262500 0.262500 0.262500 0.262500 0.262500 0.262500 0.262500 0.262500 0.262500 0.262500 0.262500 0.262500 0.262500 0.262500 0.262500 
0.300000 0.300000 0.300000 0.300000 0.300000 0.300000 0.300000 0.300000 0.300000 0.300000 0.300000 0.300000 0.300000 0.300000 0.300000 0.300000 0.300000 0.300000 0.300000 0.300000 0.300000 0.300000 0.300000 0.300000 0.300000 0.300000 0.300000 0.300000 0.300000 0.300000 0.300000 0.300000 0.300000 0.300000 0.300000 0.300000 0.300000 0.300000 0.300000 0.300000 0.300000 0.300000 0.300000 0.300000 0.300000 0.300000 0.300000 0.300000 0.300000 0.300000 0.300000 0.300000 0.300000 0.300000 0.300000 0.300000 0.300000 0.300000 0.300000 0.300000 0.300000 0.300000 0.300000 0.300000 0.300000 0.300000 0.300000 0.300000 0.300000 0.300000 0.300000 0.300000 0.300000 0.300000 0.300000 0.300000 0.300000 0.300000 0.300000 0.300000 0.300000 
0.337500 0.337500 0.337500 0.337500 0.337500 0.337500 0.337500 0.337500 0.337500 0.337500 0.337500 0.337500 0.337500 0.337500 0.337500 0.337500 0.337500 0.337500 0.337500 0.337500 0.337500 0.337500 0.337500 0.337500 0.337500 0.337500 0.337500 0.337500 0.337500 0.337500 0.337500 0.337500 0.337500 0.337500 0.337500 0.337500 0.337500 0.337500 0.337500 0.337500 0.337500 0.337500 0.337500 0.337500 0.337500 0.337500 0.337500 0.337500 0.337500 0.337500 0.337500 0.337500 0.337500 0.337500 0.337500 0.337500 0.337500 0.337500 0.337500 0.337500 0.337500 0.337500 0.337500 0.337500 0.337500 0.337500 0.337500 0.337500 0.337500 0.337500 0.337500 0.337500 0.337500 0.337500 0.337500 0.337500 0.337500 0.337500 0.337500 0.337500 0.337500 
0.375000 0.375000 0.375000 0.375000 0.375000 0.375000 0.375000 0.375000 0.375000 0.375000 0.375000 0.375000 0.375000 0.375000 0.375000 0.375000 0.375000 0.375000 0.375000 0.375000 0.375000 0.375000 0.375000 0.375000 0.375000 0.375000 0.375000 0.375000 0.375000 0.375000 0.375000 0.375000 0.375000 0.375000 0.375000 0.375000 0.375000 0.375000 0.375000 0.375000 0.375000 0.375000 0.375000 0.375000 0.375000 0.375000 0.375000 0.375000 0.375000 0.375000 0.375000 0.375000 0.375000 0.375000 0.375000 0.375000 0.375000 0.375000 0.375000 0.375000 0.375000 0.375000 0.375000 0.375000 0.375000 0.375000 0.375000 0.375000 0.375000 0.375000 0.375000 0.375000 0.375000 0.375000 0.375000 0.375000 0.375000 0.375000 0.375000 0.375000 0.375000 
0.412500 0.412500 0.412500 0.412500 0.412500 0.412500 0.412500 0.412500 0.412500 0.412500 0.412500 0.412500 0.412500 0.412500 0.412500 0.412500 0.412500 0.412500 0.412500 0.412500 0.412500 0.412500 0.412500 0.412500 0.412500 0.412500 0.412500 0.412500 0.412500 0.412500 0.412500 0.412500 0.412500 0.412500 0.412500 0.412500 0.412500 0.412500 0.412500 0.412500 0.412500 0.412500 0.412500 0.412500 0.412500 0.412500 0.412500 0.412500 0.412500 0.412500 0.412500 0.412500 0.412500 0.412500 0.412500 0.412500 0.412500 0.412500 0.412500 0.412500 0.412500 0.412500 0.412500 0.412500 0.412500 0.412500 0.412500 0.412500 0.412500 0.412500 0.412500 0.412500 0.412500 0.412500 0.412500 0.412500 0.412500 0.412500 0.412500 0.412500 0.412500 
0.450000 0.450000 0.450000 0.450000 0.450000 0.450000 0.450000 0.450000 0.450000 0.450000 0.450000 0.450000 0.450000 0.450000 0.450000 0.450000 0.450000 0.450000 0.450000 0.450000 0.450000 0.450000 0.450000 0.450000 0.450000 0.450000 0.450000 0.450000 0.450000 0.450000 0.450000 0.450000 0.450000 0.450000 0.450000 0.450000 0.450000 0.450000 0.450000 0.450000 0.450000 0.450000 0.450000 0.450000 0.450000 0.450000 0.450000 0.450000 0.450000 0.450000 0.450000 0.450000 0.450000 0.450000 0.450000 0.450000 0.450000 0.450000 0.450000 0.450000 0.450000 0.450000 0.450000 0.450000 0.450000 0.450000 0.450000 0.450000 0.450000 0.450000 0.450000 0.450000 0.450000 0.450000 0.450000 0.450000 0.450000 0.450000 0.450000 0.450000 0.450000 
0.487500 0.487500 0.487500 0.487500 0.487500 0.487500 0.487500 0.487500 0.487500 0.487500 0.487500 0.487500 0.487500 0.487500 0.487500 0.487500 0.487500 0.487500 0.487500 0.487500 0.487500 0.487500 0.487500 0.487500 0.487500 0.487500 0.487500 0.487500 0.487500 0.487500 0.487500 0.487500 0.487500 0.487500 0.487500 0.487500 0.487500 0.487500 0.487500 0.487500 0.487500 0.487500 0.487500 0.487500 0.487500 0.487500 0.487500 0.487500 0.487500 0.487500 0.487500 0.487500 0.487500 0.487500 0.487500 0.487500 0.487500 0.487500 0.487500 0.487500 0.487500 0.487500 0.487500 0.487500 0.487500 0.487500 0.487500 0.487500 0.487500 0.487500 0.487500 0.487500 0.487500 0.487500 0.487500 0.487500 0.487500 0.487500 0.487500 0.487500 0.487500 
0.525000 0.525000 0.525000 0.525000 0.525000 0.525000 0.525000 0.525000 0.525000 0.525000 0.525000 0.525000 0.525000 0.525000 0.525000 0.525000 0.525000 0.525000 0.525000 0.525000 0.525000 0.525000 0.525000 0.525000 0.525000 0.525000 0.525000 0.525000 0.525000 0.525000 0.525000 0.525000 0.525000 0.525000 0.525000 0.525000 0.525000 0.525000 0.525000 0.525000 0.525000 0.525000 0.525000 0.525000 0.525000 0.525000 0.525000 0.525000 0.525000 0.525000 0.525000 0.525000 0.525000 0.525000 0.525000 0.525000 0.525000 0.525000 0.525000 0.525000 0.525000 0.525000 0.525000 0.525000 0.525000 0.525000 0.525000 0.525000 0.525000 0.525000 0.525000 0.525000 0.525000 0.525000 0.525000 0.525000 0.525000 0.525000 0.525000 0.525000 0.525000 
0.562500 0.562500 0.562500 0.562500 0.562500 0.562500 0.562500 0.562500 0.562500 0.562500 0.562500 0.562500 0.562500 0.562500 0.562500 0.562500 0.562500 0.562500 0.562500 0.562500 0.562500 0.562500 0.562500 0.562500 0.562500 0.562500 0.562500 0.562500 0.562500 0.562500 0.562500 0.562500 0.562500 0.562500 0.562500 0.562500 0.562500 0.562500 0.562500 0.562500 0.562500 0.562500 0.562500 0.562500 0.562500 0.562500 0.562500 0.562500 0.562500 0.562500 0.562500 0.562500 0.562500 0.562500 0.562500 0.562500 0.562500 0.562500 0.562500 0.562500 0.562500 0.562500 0.562500 0.562500 0.562500 0.562500 0.562500 0.562500 0.562500 0.562500 0.562500 0.562500 0.562500 0.562500 0.562500 0.562500 0.562500 0.562500 0.562500 0.562500 0.562500 
0.600000 0.600000 0.600000 0.600000 0.600000 0.600000 0.600000 0.600000 0.600000 0.600000 0.600000 0.600000 0.600000 0.600000 0.600000 0.600000 0.600000 0.600000 0.600000 0.600000 0.600000 0.600000 0.600000 0.600000 0.600000 0.600000 0.600000 0.600000 0.600000 0.600000 0.600000 0.600000 0.600000 0.600000 0.600000 0.600000 0.600000 0.600000 0.600000 0.600000 0.600000 0.600000 0.600000 0.600000 0.600000 0.600000 0.600000 0.600000 0.600000 0.600000 0.600000 0.600000 0.600000 0.600000 0.600000 0.600000 0.600000 0.600000 0.600000 0.600000 0.600000 0.600000 0.600000 0.600000 0.600000 0.600000 0.600000 0.600000 0.600000 0.600000 0.600000 0.600000 0.600000 0.600000 0.600000 0.600000 0.600000 0.600000 0.600000 0.600000 0.600000 
0.637500 0.637500 0.637500 0.637500 0.637500 0.637500 0.637500 0.637500 0.637500 0.637500 0.637500 0.637500 0.637500 0.637500 0.637500 0.637500 0.637500 0.637500 0.637500 0.637500 0.637500 0.637500 0.637500 0.637500 0.637500 0.637500 0.637500 0.637500 0.637500 0.637500 0.637500 0.637500 0.637500 0.637500 0.637500 0.637500 0.637500 0.637500 0.637500 0.637500 0.637500 0.637500 0.637500 0.637500 0.637500 0.637500 0.637500 0.637500 0.637500 0.637500 0.637500 0.637500 0.637500 0.637500 0.637500 0.637500 0.637500 0.637500 0.637500 0.637500 0.637500 0.637500 0.637500 0.637500 0.637500 0.637500 0.637500 0.637500 0.637500 0.637500 0.637500 0.637500 0.637500 0.637500 0.637500 0.637500 0.637500 0.637500 0.637500 0.637500 0.637500 
0.675000 0.675000 0.675000 0.675000 0.675000 0.675000 0.675000 0.675000 0.675000 0.675000 0.675000 0.675000 0.675000 0.675000 0.675000 0.675000 0.675000 0.675000 0.675000 0.675000 0.675000 0.675000 0.675000 0.675000 0.675000 0.675000 0.675000 0.675000 0.675000 0.675000 0.675000 0.675000 0.675000 0.675000 0.675000 0.675000 0.675000 0.675000 0.675000 0.675000 0.675000 0.675000 0.675000 0.675000 0.675000 0.675000 0.675000 0.675000 0.675000 0.675000 0.675000 0.675000 0.675000 0.675000 0.675000 0.675000 0.675000 0.675000 0.675000 0.675000 0.675000 0.675000 0.675000 0.675000 0.675000 0.675000 0.675000 0.675000 0.675000 0.675000 0.675000 0.675000 0.675000 0.675000 0.675000 0.675000 0.675000 0.675000 0.675000 0.675000 0.675000 
0.712500 0.712500 0.712500 0.712500 0.712500 0.712500 0.712500 0.712500 0.712500 0.712500 0.712500 0.712500 0.712500 0.712500 0.712500 0.712500 0.712500 0.712500 0.712500 0.712500 0.712500 0.712500 0.712500 0.712500 0.712500 0.712500 0.712500 0.712500 0.712500 0.712500 0.712500 0.712500 0.712500 0.712500 0.712500 0.712500 0.712500 0.712500 0.712500 0.712500 0.712500 0.712500 0.712500 0.712500 0.712500 0.712500 0.712500 0.712500 0.712500 0.712500 0.712500 0.712500 0.712500 0.712500 0.712500 0.712500 0.712500 0.712500 0.712500 0.712500 0.712500 0.712500 0.712500 0.712500 0.712500 0.712500 0.712500 0.712500 0.712500 0.712500 0.712500 0.712500 0.712500 0.712500 0.712500 0.712500 0.712500 0.712500 0.712500 0.712500 0.712500 
0.750000 0.750000 0.750000 0.750000 0.750000 0.750000 0.750000 0.750000 0.750000 0.750000 0.750000 0.750000 0.750000 0.750000 0.750000 0.750000 0.750000 0.750000 0.750000 0.750000 0.750000 0.750000 0.750000 0.750000 0.750000 0.750000 0.750000 0.750000 0.750000 0.750000 0.750000 0.750000 0.750000 0.750000 0.750000 0.750000 0.750000 0.750000 0.750000 0.750000 0.750000 0.750000 0.750000 0.750000 0.750000 0.750000 0.750000 0.750000 0.750000 0.750000 0.750000 0.750000 0.750000 0.750000 0.750000 0.750000 0.750000 0.750000 0.750000 0.750000 0.750000 0.750000 0.750000 0.750000 0.750000 0.750000 0.750000 0.750000 0.750000 0.750000 0.750000 0.750000 0.750000 0.750000 0.750000 0.750000 0.750000 0.750000 0.750000 0.750000 0.750000 
0.787500 0.787500 0.787500 0.787500 0.787500 0.787500 0.787500 0.787500 0.787500 0.787500 0.787500 0.787500 0.787500 0.787500 0.787500 0.787500 0.787500 0.787500 0.787500 0.787500 0.787500 0.787500 0.787500 0.787500 0.787500 0.787500 0.787500 0.787500 0.787500 0.787500 0.787500 0.787500 0.787500 0.787500 0.787500 0.787500 0.787500 0.787500 0.787500 0.787500 0.787500 0.787500 0.787500 0.787500 0.787500 0.787500 0.787500 0.787500 0.787500 0.787500 0.787500 0.787500 0.787500 0.787500 0.787500 0.787500 0.787500 0.787500 0.787500 0.787500 0.787500 0.787500 0.787500 0.787500 0.787500 0.787500 0.787500 0.787500 0.787500 0.787500 0.787500 0.787500 0.787500 0.787500 0.787500 0.787500 0.787500 0.787500 0.787500 0.787500 0.787500 
0.825000 0.825000 0.825000 0.825000 0.825000 0.825000 0.825000 0.825000 0.825000 0.825000 0.825000 0.825000 0.825000 0.825000 0.825000 0.825000 0.825000 0.825000 0.825000 0.825000 0.825000 0.825000 0.825000 0.825000 0.825000 0.825000 0.825000 0.825000 0.825000 0.825000 0.825000 0.825000 0.825000 0.825000 0.825000 0.825000 0.825000 0.825000 0.825000 0.825000 0.825000 0.825000 0.825000 0.825000 0.825000 0.825000 0.825000 0.825000 0.825000 0.825000 0.825000 0.825000 0.825000 0.825000 0.825000 0.825000 0.825000 0.825000 0.825000 0.825000 0.825000 0.825000 0.825000 0.825000 0.825000 0.825000 0.825000 0.825000 0.825000 0.825000 0.825000 0.825000 0.825000 0.825000 0.825000 0.825000 0.825000 0.825000 0.825000 0.825000 0.825000 
0.862500 0.862500 0.862500 0.862500 0.862500 0.862500 0.862500 0.862500 0.862500 0.862500 0.862500 0.862500 0.862500 0.862500 0.862500 0.862500 0.862500 0.862500 0.862500 0.862500 0.862500 0.862500 0.862500 0.862500 0.862500 0.862500 0.862500 0.862500 0.862500 0.862500 0.862500 0.862500 0.862500 0.862500 0.862500 0.862500 0.862500 0.862500 0.862500 0.862500 0.862500 0.862500 0.862500 0.862500 0.862500 0.862500 0.862500 0.862500 0.862500 0.862500 0.862500 0.862500 0.862500 0.862500 0.862500 0.862500 0.862500 0.862500 0.862500 0.862500 0.862500 0.862500 0.862500 0.862500 0.862500 0.862500 0.862500 0.862500 0.862500 0.862500 0.862500 0.862500 0.862500 0.862500 0.862500 0.862500 0.862500 0.862500 0.862500 0.862500 0.862500 
0.900000 0.900000 0.900000 0.900000 0.900000 0.900000 0.900000 0.900000 0.900000 0.900000 0.900000 0.900000 0.900000 0.900000 0.900000 0.900000 0.900000 0.900000 0.900000 0.900000 0.900000 0.900000 0.900000 0.900000 0.900000 0.900000 0.900000 0.900000 0.900000 0.900000 0.900000 0.900000 0.900000 0.900000 0.900000 0.900000 0.900000 0.900000 0.900000 0.900000 0.900000 0.900000 0.900000 0.900000 0.900000 0.900000 0.900000 0.900000 0.900000 0.900000 0.900000 0.900000 0.900000 0.900000 0.900000 0.900000 0.900000 0.900000 0.900000 0.900000 0.900000 0.900000 0.900000 0.900000 0.900000 0.900000 0.900000 0.900000 0.900000 0.900000 0.900000 0.900000 0.900000 0.900000 0.900000 0.900000 0.900000 0.900000 0.900000 0.900000 0.900000 
0.937500 0.937500 0.937500 0.937500 0.937500 0.937500 0.937500 0.937500 0.937500 0.937500 0.937500 0.937500 0.937500 0.937500 0.937500 0.937500 0.937500 0.937500 0.937500 0.937500 0.937500 0.937500 0.937500 0.937500 0.937500 0.937500 0.937500 0.937500 0.937500 0.937500 0.937500 0.937500 0.937500 0.937500 0.937500 0.937500 0.937500 0.937500 0.937500 0.937500 0.937500 0.937500 0.937500 0.937500 0.937500 0.937500 0.937500 0.937500 0.937500 0.937500 0.937500 0.937500 0.937500 0.937500 0.937500 0.937500 0.937500 0.937500 0.937500 0.937500 0.937500 0.937500 0.937500 0.937500 0.937500 0.937500 0.937500 0.937500 0.937500 0.937500 0.937500 0.937500 0.937500 0.937500 0.937500 0.937500 0.937500 0.937500 0.937500 0.937500 0.937500 
0.975000 0.975000 0.975000 0.975000 0.975000 0.975000 0.975000 0.975000 0.975000 0.975000 0.975000 0.975000 0.975000 0.975000 0.975000 0.975000 0.975000 0.975000 0.975000 0.975000 0.975000 0.975000 0.975000 0.975000 0.975000 0.975000 0.975000 0.975000 0.975000 0.975000 0.975000 0.975000 0.975000 0.975000 0.975000 0.975000 0.975000 0.975000 0.975000 0.975000 0.975000 0.975000 0.975000 0.975000 0.975000 0.975000 0.975000 0.975000 0.975000 0.975000 0.975000 0.975000 0.975000 0.975000 0.975000 0.975000 0.975000 0.975000 0.975000 0.975000 0.975000 0.975000 0.975000 0.975000 0.975000 0.975000 0.975000 0.975000 0.975000 0.975000 0.975000 0.975000 0.975000 0.975000 0.975000 0.975000 0.975000 0.975000 0.975000 0.975000 0.975000 
1.012500 1.012500 1.012500 1.012500 1.012500 1.012500 1.012500 1.012500 1.012500 1.012500 1.012500 1.012500 1.012500 1.012500 1.012500 1.012500 1.012500 1.012500 1.012500 1.012500 1.012500 1.012500 1.012500 1.012500 1.012500 1.012500 1.012500 1.012500 1.012500 1.012500 1.012500 1.012500 1.012500 1.012500 1.012500 1.012500 1.012500 1.012500 1.012500 1.012500 1.012500 1.012500 1.012500 1.012500 1.012500 1.012500 1.012500 1.012500 1.012500 1.012500 1.012500 1.012500 1.012500 1.012500 1.012500 1.012500 1.012500 1.012500 1.012500 1.012500 1.012500 1.012500 1.012500 1.012500 1.012500 1.012500 1.012500 1.012500 1.012500 1.012500 1.012500 1.012500 1.012500 1.012500 1.012500 1.012500 1.012500 1.012500 1.012500 1.012500 1.012500 
1.050000 1.050000 1.050000 1.050000 1.050000 1.050000 1.050000 1.050000 1.050000 1.050000 1.050000 1.050000 1.050000 1.050000 1.050000 1.050000 1.050000 1.050000 1.050000 1.050000 1.050000 1.050000 1.050000 1.050000 1.050000 1.050000 1.050000 1.050000 1.050000 1.050000 1.050000 1.050000 1.050000 1.050000 1.050000 1.050000 1.050000 1.050000 1.050000 1.050000 1.050000 1.050000 1.050000 1.050000 1.050000 1.050000 1.050000 1.050000 1.050000 1.050000 1.050000 1.050000 1.050000 1.050000 1.050000 1.050000 1.050000 1.050000 1.050000 1.050000 1.050000 1.050000 1.050000 1.050000 1.050000 1.050000 1.050000 1.050000 1.050000 1.050000 1.050000 1.050000 1.050000 1.050000 1.050000 1.050000 1.050000 1.050000 1.050000 1.050000 1.050000 
1.087500 1.087500 1.087500 1.087500 1.087500 1.087500 1.087500 1.087500 1.087500 1.087500 1.087500 1.087500 1.087500 1.087500 1.087500 1.087500 1.087500 1.087500 1.087500 1.087500 1.087500 1.087500 1.087500 1.087500 1.087500 1.087500 1.087500 1.087500 1.087500 1.087500 1.087500 1.087500 1.087500 1.087500 1.087500 1.087500 1.087500 1.087500 1.087500 1.087500 1.087500 1.087500 1.087500 1.087500 1.087500 1.087500 1.087500 1.087500 1.087500 1.087500 1.087500 1.087500 1.087500 1.087500 1.087500 1.087500 1.087500 1.087500 1.087500 1.087500 1.087500 1.087500 1.087500 1.087500 1.087500 1.087500 1.087500 1.087500 1.087500 1.087500 1.087500 1.087500 1.087500 1.087500 1.087500 1.087500 1.087500 1.087500 1.087500 1.087500 1.087500 
1.125000 1.125000 1.125000 1.125000 1.125000 1.125000 1.125000 1.125000 1.125000 1.125000 1.125000 1.125000 1.125000 1.125000 1.125000 1.125000 1.125000 1.125000 1.125000 1.125000 1.125000 1.125000 1.125000 1.125000 1.125000 1.125000 1.125000 1.125000 1.125000 1.125000 1.125000 1.125000 1.125000 1.125000 1.125000 1.125000 1.125000 1.125000 1.125000 1.125000 1.125000 1.125000 1.125000 1.125000 1.125000 1.125000 1.125000 1.125000 1.125000 1.125000 1.125000 1.125000 1.125000 1.125000 1.125000 1.125000 1.125000 1.125000 1.125000 1.125000 1.125000 1.125000 1.125000 1.125000 1.125000 1.125000 1.125000 1.125000 1.125000 1.125000 1.125000 1.125000 1.125000 1.125000 1.125000 1.125000 1.125000 1.125000 1.125000 1.125000 1.125000 
1.162500 1.162500 1.162500 1.162500 1.162500 1.162500 1.162500 1.162500 1.162500 1.162500 1.162500 1.162500 1.162500 1.162500 1.162500 1.162500 1.162500 1.162500 1.162500 1.162500 1.162500 1.162500 1.162500 1.162500 1.162500 1.162500 1.162500 1.162500 1.162500 1.162500 1.162500 1.162500 1.162500 1.162500 1.162500 1.162500 1.162500 1.162500 1.162500 1.162500 1.162500 1.162500 1.162500 1.162500 1.162500 1.162500 1.162500 1.162500 1.162500 1.162500 1.162500 1.162500 1.162500 1.162500 1.162500 1.162500 1.162500 1.162500 1.162500 1.162500 1.162500 1.162500 1.162500 1.162500 1.162500 1.162500 1.162500 1.162500 1.162500 1.162500 1.162500 1.162500 1.162500 1.162500 1.162500 1.162500 1.162500 1.162500 1.162500 1.162500 1.162500 
1.200000 1.200000 1.200000 1.200000 1.200000 1.200000 1.200000 1.200000 1.200000 1.200000 1.200000 1.200000 1.200000 1.200000 1.200000 1.200000 1.200000 1.200000 1.200000 1.200000 1.200000 1.200000 1.200000 1.200000 1.200000 1.200000 1.200000 1.200000 1.200000 1.200000 1.200000 1.200000 1.200000 1.200000 1.200000 1.200000 1.200000 1.200000 1.200000 1.200000 1.200000 1.200000 1.200000 1.200000 1.200000 1.200000 1.200000 1.200000 1.200000 1.200000 1.200000 1.200000 1.200000 1.200000 1.200000 1.200000 1.200000 1.200000 1.200000 1.200000 1.200000 1.200000 1.200000 1.200000 1.200000 1.200000 1.200000 1.200000 1.200000 1.200000 1.200000 1.200000 1.200000 1.200000 1.200000 1.200000 1.200000 1.200000 1.200000 1.200000 1.200000 
1.237500 1.237500 1.237500 1.237500 1.237500 1.237500 1.237500 1.237500 1.237500 1.237500 1.237500 1.237500 1.237500 1.237500 1.237500 1.237500 1.237500 1.237500 1.237500 1.237500 1.237500 1.237500 1.237500 1.237500 1.237500 1.237500 1.237500 1.237500 1.237500 1.237500 1.237500 1.237500 1.237500 1.237500 1.237500 1.237500 1.237500 1.237500 1.237500 1.237500 1.237500 1.237500 1.237500 1.237500 1.237500 1.237500 1.237500 1.237500 1.237500 1.237500 1.237500 1.237500 1.237500 1.237500 1.237500 1.237500 1.237500 1.237500 1.237500 1.237500 1.237500 1.237500 1.237500 1.237500 1.237500 1.237500 1.237500 1.237500 1.237500 1.237500 1.237500 1.237500 1.237500 1.237500 1.237500 1.237500 1.237500 1.237500 1.237500 1.237500 1.237500 
1.275000 1.275000 1.275000 1.275000 1.275000 1.275000 1.275000 1.275000 1.275000 1.275000 1.275000 1.275000 1.275000 1.275000 1.275000 1.275000 1.275000 1.275000 1.275000 1.275000 1.275000 1.275000 1.275000 1.275000 1.275000 1.275000 1.275000 1.275000 1.275000 1.275000 1.275000 1.275000 1.275000 1.275000 1.275000 1.275000 1.275000 1.275000 1.275000 1.275000 1.275000 1.275000 1.275000 1.275000 1.275000 1.275000 1.275000 1.275000 1.275000 1.275000 1.275000 1.275000 1.275000 1.275000 1.275000 1.275000 1.275000 1.275000 1.275000 1.275000 1.275000 1.275000 1.275000 1.275000 1.275000 1.275000 1.275000 1.275000 1.275000 1.275000 1.275000 1.275000 1.275000 1.275000 1.275000 1.275000 1.275000 1.275000 1.275000 1.275000 1.275000 
1.312500 1.312500 1.312500 1.312500 1.312500 1.312500 1.312500 1.312500 1.312500 1.312500 1.312500 1.312500 1.312500 1.312500 1.312500 1.312500 1.312500 1.312500 1.312500 1.312500 1.312500 1.312500 1.312500 1.312500 1.312500 1.312500 1.312500 1.312500 1.312500 1.312500 1.312500 1.312500 1.312500 1.312500 1.312500 1.312500 1.312500 1.312500 1.312500 1.312500 1.312500 1.312500 1.312500 1.312500 1.312500 1.312500 1.312500 1.312500 1.312500 1.312500 1.312500 1.312500 1.312500 1.312500 1.312500 1.312500 1.312500 1.312500 1.312500 1.312500 1.312500 1.312500 1.312500 1.312500 1.312500 1.312500 1.312500 1.312500 1.312500 1.312500 1.312500 1.312500 1.312500 1.312500 1.312500 1.312500 1.312500 1.312500 1.312500 1.312500 1.312500 
1.350000 1.350000 1.350000 1.350000 1.350000 1.350000 1.350000 1.350000 1.350000 1.350000 1.350000 1.350000 1.350000 1.350000 1.350000 1.350000 1.350000 1.350000 1.350000 1.350000 1.350000 1.350000 1.350000 1.350000 1.350000 1.350000 1.350000 1.350000 1.350000 1.350000 1.350000 1.350000 1.350000 1.350000 1.350000 1.350000 1.350000 1.350000 1.350000 1.350000 1.350000 1.350000 1.350000 1.350000 1.350000 1.350000 1.350000 1.350000 1.350000 1.350000 1.350000 1.350000 1.350000 1.350000 1.350000 1.350000 1.350000 1.350000 1.350000 1.350000 1.350000 1.350000 1.350000 1.350000 1.350000 1.350000 1.350000 1.350000 1.350000 1.350000 1.350000 1.350000 1.350000 1.350000 1.350000 1.350000 1.350000 1.350000 1.350000 1.350000 1.350000 
1.387500 1.387500 1.387500 1.387500 1.387500 1.387500 1.387500 1.387500 1.387500 1.387500 1.387500 1.387500 1.387500 1.387500 1.387500 1.387500 1.387500 1.387500 1.387500 1.387500 1.387500 1.387500 1.387500 1.387500 1.387500 1.387500 1.387500 1.387500 1.387500 1.387500 1.387500 1.387500 1.387500 1.387500 1.387500 1.387500 1.387500 1.387500 1.387500 1.387500 1.387500 1.387500 1.387500 1.387500 1.387500 1.387500 1.387500 1.387500 1.387500 1.387500 1.387500 1.387500 1.387500 1.387500 1.387500 1.387500 1.387500 1.387500 1.387500 1.387500 1.387500 1.387500 1.387500 1.387500 1.387500 1.387500 1.387500 1.387500 1.387500 1.387500 1.387500 1.387500 1.387500 1.387500 1.387500 1.387500 1.387500 1.387500 1.387500 1.387500 1.387500 
1.425000 1.425000 1.425000 1.425000 1.425000 1.425000 1.425000 1.425000 1.425000 1.425000 1.425000 1.425000 1.425000 1.425000 1.425000 1.425000 1.425000 1.425000 1.425000 1.425000 1.425000 1.425000 1.425000 1.425000 1.425000 1.425000 1.425000 1.425000 1.425000 1.425000 1.425000 1.425000 1.425000 1.425000 1.425000 1.425000 1.425000 1.425000 1.425000 1.425000 1.425000 1.425000 1.425000 1.425000 1.425000 1.425000 1.425000 1.425000 1.425000 1.425000 1.425000 1.425000 1.425000 1.425000 1.425000 1.425000 1.425000 1.425000 1.425000 1.425000 1.425000 1.425000 1.425000 1.425000 1.425000 1.425000 1.425000 1.425000 1.425000 1.425000 1.425000 1.425000 1.425000 1.425000 1.425000 1.425000 1.425000 1.425000 1.425000 1.425000 1.425000 
1.462500 1.462500 1.462500 1.462500 1.462500 1.462500 1.462500 1.462500 1.462500 1.462500 1.462500 1.462500 1.462500 1.462500 1.462500 1.462500 1.462500 1.462500 1.462500 1.462500 1.462500 1.462500 1.462500 1.462500 1.462500 1.462500 1.462500 1.462500 1.462500 1.462500 1.462500 1.462500 1.462500 1.462500 1.462500 1.462500 1.462500 1.462500 1.462500 1.462500 1.462500 1.462500 1.462500 1.462500 1.462500 1.462500 1.462500 1.462500 1.462500 1.462500 1.462500 1.462500 1.462500 1.462500 1.462500 1.462500 1.462500 1.462500 1.462500 1.462500 1.462500 1.462500 1.462500 1.462500 1.462500 1.462500 1.462500 1.462500 1.462500 1.462500 1.462500 1.462500 1.462500 1.462500 1.462500 1.462500 1.462500 1.462500 1.462500 1.462500 1.462500 
1.500000 1.500000 1.500000 1.500000 1.500000 1.500000 1.500000 1.500000 1.500000 1.500000 1.500000 1.500000 1.500000 1.500000 1.500000 1.500000 1.500000 1.500000 1.500000 1.500000 1.500000 1.500000 1.500000 1.500000 1.500000 1.500000 1.500000 1.500000 1.500000 1.500000 1.500000 1.500000 1.500000 1.500000 1.500000 1.500000 1.500000 1.500000 1.500000 1.500000 1.500000 1.500000 1.500000 1.500000 1.500000 1.500000 1.500000 1.500000 1.500000 1.500000 1.500000 1.500000 1.500000 1.500000 1.500000 1.500000 1.500000 1.500000 1.500000 1.500000 1.500000 1.500000 1.500000 1.500000 1.500000 1.500000 1.500000 1.500000 1.500000 1.500000 1.500000 1.500000 1.500000 1.500000 1.500000 1.500000 1.500000 1.500000 1.500000 1.500000 1.500000 
